942 76000
1890 70000
1334 54000
2936 45000
7440 94000
1017 81000
764 35000
877 98000
5827 97000
1368 71000
923 30000
592 78000
1306 15000
3078 46000
58 53000
3318 46000
758 25000
5737 59000
4665 63000
1671 36000
2933 49000
1651 83000
660 75000
7220 97000
5385 74000
3694 52000
5473 62000
1927 28000
296 15000
298 40000
4132 51000
5478 73000
4397 76000
3800 58000
6393 75000
8338 89000
727 81000
1671 34000
4310 46000
5491 58000
236 27000
3111 48000
1367 45000
8042 87000
344 24000
1686 68000
3751 76000
2526 74000
5090 61000
330 39000
5439 59000
4695 61000
6709 92000
1339 34000
9605 97000
122 37000
521 43000
193 63000
8383 84000
932 29000
701 14000
2811 31000
7805 94000
6521 68000
7754 91000
597 93000
2766 61000
277 71000
2648 60000
291 24000
1623 20000
3159 42000
7584 92000
1132 52000
1044 25000
6473 98000
2211 25000
580 24000
4513 64000
5483 69000
4407 53000
4746 65000
2109 42000
8856 95000
1450 43000
5978 77000
1696 18000
5697 73000
1094 49000
2519 73000
5805 91000
1189 97000
1184 15000
1082 17000
739 45000
879 35000
5768 59000
6960 85000
1024 17000
2850 55000
204 33000
7592 100000
5980 96000
3492 50000
5018 100000
1372 28000
853 44000
2811 46000
7712 90000
939 61000
1646 31000
2597 84000
1884 69000
7286 91000
6423 68000
88 35000
2181 23000
3335 38000
1451 50000
7873 96000
8373 97000
749 28000
5541 87000
2660 34000
6673 67000
3675 78000
1854 24000
7425 95000
702 66000
675 13000
1836 20000
4430 45000
3565 62000
1444 80000
1169 37000
8996 100000
1198 15000
2978 58000
28 12000
5639 60000
5269 60000
5900 66000
432 14000
5407 70000
3713 53000
581 53000
