308 100000
1018 28000
4520 80000
7042 71000
760 13000
6118 74000
3317 36000
2760 55000
1375 82000
2390 95000
4304 45000
8104 95000
1288 59000
132 18000
2162 26000
3259 35000
1084 65000
2569 44000
9573 96000
1023 28000
640 35000
2955 62000
307 45000
1501 33000
1086 11000
59 39000
7129 95000
2356 31000
2923 71000
2940 44000
920 56000
5948 91000
769 18000
1095 95000
2047 27000
295 20000
1706 87000
4623 61000
2092 67000
2994 76000
5024 92000
6507 89000
3058 76000
1222 30000
2458 27000
1318 33000
1075 18000
2134 84000
509 92000
3343 74000
6150 64000
1577 61000
1644 34000
3805 61000
1671 26000
2045 23000
333 12000
2851 95000
7051 77000
79 83000
