663 12000
676 37000
5131 71000
7569 85000
1341 80000
4432 87000
5827 88000
4167 65000
3449 78000
6393 85000
106 33000
502 43000
1542 50000
1532 86000
1736 27000
2089 22000
1657 42000
7521 79000
4426 67000
8205 84000
496 11000
90 30000
2461 29000
5306 70000
589 53000
522 23000
4548 75000
2045 22000
1545 96000
2725 45000
1218 57000
1671 27000
3572 81000
2473 37000
1858 39000
5535 63000
97 13000
7236 92000
3817 62000
3483 50000
724 11000
4273 80000
3002 97000
2955 93000
1056 60000
2629 95000
5068 82000
3651 63000
2534 71000
509 75000
2768 64000
9603 100000
2196 56000
824 20000
1742 39000
2021 71000
769 11000
7221 86000
818 32000
443 57000
822 53000
1019 51000
1492 42000
2599 61000
1942 86000
1238 30000
1114 57000
1220 15000
938 41000
1437 83000
3229 41000
1701 28000
872 17000
1080 25000
883 43000
975 19000
1904 78000
3346 35000
43 11000
2820 91000
1322 59000
1150 22000
2928 56000
1314 36000
4321 51000
2173 32000
1710 30000
2105 40000
81 12000
2702 31000
1325 20000
3596 75000
1323 86000
1167 70000
3459 92000
3324 47000
180 92000
4974 77000
2217 46000
1766 21000
893 30000
1831 87000
4478 78000
3472 67000
879 40000
381 29000
2356 72000
2338 69000
1473 46000
3857 96000
2527 26000
276 29000
2133 35000
958 85000
2330 52000
3710 52000
1821 20000
2728 69000
5595 76000
6168 84000
6733 92000
5375 76000
9278 95000
6181 87000
1544 40000
222 29000
2082 27000
1945 73000
1784 34000
1296 71000
2760 89000
5801 63000
4387 50000
3653 71000
5795 78000
640 19000
3540 59000
680 40000
2649 45000
2694 41000
2471 98000
459 13000
2678 33000
3460 48000
698 37000
1104 67000
2113 23000
4595 77000
3546 51000
4210 60000
5110 59000
1369 55000
485 24000
445 16000
4565 52000
1187 34000
1678 17000
413 23000
1359 84000
735 31000
86 35000
6703 87000
159 28000
3084 49000
3327 58000
1643 55000
2859 60000
815 75000
