2247 35000
472 59000
2163 75000
1100 66000
3185 49000
489 90000
4624 91000
258 14000
43 13000
1888 43000
6564 90000
4133 79000
1967 28000
2933 36000
4032 67000
3920 80000
6053 74000
1775 39000
2579 38000
5050 94000
783 64000
1613 73000
1997 39000
3565 72000
1609 28000
4781 79000
1804 29000
602 40000
1096 59000
3380 34000
5086 55000
740 72000
1070 35000
3613 50000
2308 66000
206 17000
1394 47000
803 29000
2546 28000
3034 34000
323 63000
1676 97000
3391 40000
2184 41000
3773 51000
247 21000
173 10000
1352 18000
597 16000
350 17000
2485 61000
3567 38000
2971 79000
1786 33000
3223 66000
3119 41000
422 45000
654 68000
2777 87000
1069 88000
1019 14000
6692 70000
615 12000
377 37000
3087 38000
