3893 59000
501 74000
3115 46000
192 46000
3751 53000
4205 45000
4614 69000
5876 75000
724 25000
437 48000
1658 52000
1092 51000
2247 65000
1389 20000
4555 92000
523 19000
3151 36000
700 86000
746 10000
1182 33000
5401 56000
1641 29000
2303 49000
202 35000
75 19000
2686 83000
6257 75000
5212 59000
850 33000
634 30000
2210 23000
7289 91000
341 44000
4711 82000
2947 71000
5773 75000
1052 37000
103 16000
1311 95000
148 39000
959 13000
2712 54000
2903 83000
5052 85000
1495 22000
6035 72000
7530 88000
6682 82000
3265 90000
3698 88000
2799 83000
2141 40000
5831 98000
4237 72000
1810 46000
6311 69000
2895 37000
2419 58000
2569 97000
799 34000
1687 57000
728 17000
