5144 67000
4826 78000
416 19000
4444 88000
3289 70000
563 62000
975 26000
1674 23000
3584 50000
418 63000
1113 40000
1532 77000
6122 76000
3029 78000
3829 52000
3031 43000
2805 86000
6311 94000
4077 80000
1583 20000
1878 79000
4742 48000
4103 45000
5026 56000
4134 79000
2295 27000
4168 44000
4070 41000
1287 46000
7127 75000
3520 40000
4049 69000
3084 37000
1274 34000
917 28000
1335 39000
6452 99000
496 45000
9133 95000
1420 17000
5561 78000
2523 34000
2237 81000
7257 77000
1063 20000
792 89000
1761 20000
5844 60000
9967 100000
1022 32000
7920 97000
94 17000
2381 97000
2188 67000
2962 63000
419 43000
2563 66000
405 35000
130 47000
1700 20000
4018 88000
6094 71000
1505 33000
746 33000
8400 89000
8956 90000
302 35000
2723 35000
6019 88000
2272 86000
648 19000
3734 42000
2547 52000
2178 28000
5034 78000
2670 27000
420 40000
159 100000
971 94000
976 54000
927 27000
7353 98000
789 11000
5556 70000
1115 15000
864 25000
7149 78000
1588 28000
751 47000
1311 36000
1134 71000
1498 45000
1386 65000
