6739 94000
3732 49000
1647 56000
7571 76000
2717 81000
280 78000
2456 36000
254 51000
760 38000
3675 76000
506 11000
1725 32000
2519 57000
2640 76000
393 16000
8207 90000
3980 54000
1410 28000
591 43000
5894 89000
1572 20000
4766 56000
291 60000
2661 52000
1771 72000
2354 30000
3935 55000
2576 84000
2543 26000
2816 83000
6792 98000
1937 25000
1574 87000
99 29000
9851 99000
1397 95000
1095 49000
1959 90000
1270 30000
3145 33000
5703 76000
716 20000
970 14000
3390 67000
924 83000
5612 58000
3480 87000
356 56000
4246 66000
317 18000
7704 88000
80 40000
1263 44000
2496 61000
357 96000
5235 56000
5567 67000
5574 75000
7426 80000
1071 83000
5871 75000
1473 84000
4334 99000
1098 15000
9300 98000
1837 23000
575 11000
2810 38000
4085 55000
2083 25000
6753 89000
1094 34000
817 97000
854 24000
1338 51000
2164 49000
4270 61000
3258 42000
2286 75000
361 60000
3445 60000
4043 76000
4563 59000
1079 40000
2218 58000
593 11000
1963 25000
1851 66000
679 17000
284 12000
1397 58000
5298 91000
5314 79000
2665 69000
6877 96000
8677 91000
7360 86000
2956 74000
541 43000
2321 50000
1512 46000
737 43000
3715 57000
973 76000
235 38000
2778 71000
1550 16000
3727 39000
4926 75000
7070 75000
730 87000
1279 53000
3503 39000
617 91000
6914 70000
3132 59000
5172 57000
1494 18000
251 30000
3540 76000
1596 39000
2135 74000
3224 96000
7903 90000
2541 57000
317 30000
157 26000
9202 100000
991 31000
870 13000
3172 42000
2759 28000
1234 17000
2588 28000
3568 68000
1027 14000
