7678 79000
1560 27000
5865 62000
6486 82000
781 38000
271 46000
5022 54000
4323 100000
122 40000
7094 90000
4273 60000
2254 58000
3120 79000
1252 53000
7346 95000
375 46000
5546 61000
2651 37000
531 27000
1670 27000
696 12000
6321 99000
1177 21000
6264 86000
1814 91000
659 65000
4531 69000
2752 64000
7856 98000
8957 95000
1784 93000
2251 25000
3642 55000
493 11000
2270 72000
357 76000
2139 28000
2559 26000
5111 59000
1710 32000
2509 99000
1585 18000
34 11000
6013 86000
1253 53000
5386 57000
105 47000
4087 72000
1861 69000
3399 60000
649 25000
3251 50000
247 42000
1688 40000
607 85000
1259 68000
6258 70000
1685 29000
5625 99000
6101 73000
1791 51000
4525 55000
706 76000
984 69000
6269 90000
604 20000
3497 99000
1271 88000
6674 78000
5823 82000
596 65000
6138 88000
5696 59000
3033 57000
6565 87000
2049 88000
1073 32000
5443 76000
278 30000
