2502 95000
2509 76000
6761 85000
8192 93000
2851 72000
4974 82000
2337 37000
4589 90000
1488 97000
559 40000
2183 23000
1326 52000
2071 39000
826 26000
489 44000
3799 46000
1994 64000
2935 38000
1551 55000
893 47000
4751 50000
2917 70000
1424 73000
3283 51000
756 29000
2208 32000
4912 96000
1255 92000
4829 70000
1108 99000
1238 37000
2151 56000
2592 66000
1780 20000
1335 30000
5361 57000
1054 32000
4692 54000
368 26000
2898 41000
4118 74000
2117 26000
4547 94000
5341 55000
4324 69000
1931 86000
6059 76000
2470 34000
2730 68000
8315 94000
1898 25000
4454 56000
2766 65000
2934 64000
2277 23000
4368 73000
504 26000
