892 19000
1119 21000
1613 19000
2908 39000
170 97000
1484 15000
2337 57000
711 17000
785 58000
5445 75000
2082 55000
888 67000
3477 63000
3855 44000
5265 55000
9269 95000
1394 32000
5190 62000
731 11000
2457 47000
296 42000
7094 75000
2502 75000
2249 86000
1218 14000
6697 84000
1888 52000
6850 89000
1820 47000
2516 41000
174 30000
2871 49000
3127 95000
3968 40000
6050 90000
210 16000
318 18000
2594 85000
47 15000
4030 83000
4945 57000
1166 46000
738 67000
4581 93000
3821 70000
1030 11000
4286 88000
595 13000
2119 49000
5484 92000
2573 42000
3174 33000
8506 95000
1803 56000
5393 59000
836 27000
