1034 47000
549 87000
3077 76000
485 32000
1069 60000
2521 80000
2435 77000
4301 52000
3461 53000
1082 23000
1823 90000
5347 61000
1398 21000
8013 98000
7852 90000
4777 62000
1633 29000
8213 94000
1328 26000
3247 77000
772 35000
7308 75000
819 58000
7082 73000
1724 30000
2778 48000
3722 45000
6596 67000
4943 86000
493 18000
1138 34000
1348 45000
833 13000
3022 99000
3868 53000
4221 46000
849 14000
1472 27000
200 75000
2725 67000
1198 37000
2389 42000
933 23000
5612 85000
541 18000
4744 52000
4684 70000
4908 94000
4561 62000
4864 65000
5480 90000
1004 22000
5494 75000
7217 97000
4361 67000
3127 55000
2112 61000
470 32000
3663 98000
1430 25000
1189 32000
104 37000
165 54000
6095 86000
872 85000
537 32000
418 73000
2083 25000
772 66000
2299 23000
465 72000
249 10000
392 65000
7241 90000
268 58000
206 14000
238 34000
2168 97000
1352 16000
965 63000
1899 66000
4257 65000
4544 75000
7888 97000
368 52000
1763 46000
1317 31000
490 46000
38 10000
1677 28000
1909 28000
4174 49000
4793 67000
1232 93000
841 86000
3109 96000
7244 88000
2624 42000
3970 59000
6675 92000
2021 21000
2924 45000
172 23000
357 17000
1161 76000
469 17000
1026 11000
1407 16000
2314 34000
8893 91000
3262 56000
1645 93000
7051 90000
1748 60000
2385 28000
904 50000
5060 66000
1231 23000
2777 35000
1283 26000
1079 43000
2597 81000
4730 51000
1866 78000
1051 19000
1902 27000
1007 23000
4137 59000
7334 78000
974 32000
2935 54000
6795 70000
456 31000
5205 81000
7205 98000
2582 50000
868 82000
1367 84000
3941 75000
1573 23000
4565 65000
3514 43000
3786 43000
1012 24000
6005 81000
341 55000
5497 68000
198 93000
1051 25000
727 10000
4046 52000
302 11000
2007 100000
978 43000
7063 98000
1765 49000
8517 91000
4600 93000
1166 37000
3804 68000
