689 26000
5333 74000
1282 13000
778 28000
1515 38000
1361 47000
1765 23000
1716 26000
2637 66000
113 17000
4529 51000
796 71000
4941 66000
1184 71000
2165 22000
3036 39000
260 30000
318 25000
2158 56000
782 30000
3098 45000
6720 78000
1189 33000
1659 17000
3943 96000
3287 38000
7729 91000
3981 54000
5598 86000
4513 55000
1065 52000
463 19000
1074 12000
5345 100000
4284 85000
1836 48000
6403 69000
2300 32000
2014 40000
1707 28000
2923 39000
5581 98000
500 67000
313 17000
3130 65000
6809 83000
2761 72000
3308 44000
82 80000
1843 24000
404 61000
1460 19000
4322 50000
322 22000
1917 65000
338 36000
3655 88000
4659 59000
102 61000
3052 79000
909 22000
87 10000
644 15000
2727 88000
4022 79000
2365 60000
3638 40000
7708 89000
2719 37000
1132 54000
4225 61000
1886 69000
1358 35000
1339 18000
1193 27000
827 32000
200 57000
3680 53000
881 100000
6785 87000
466 68000
3151 38000
1438 39000
2927 34000
3458 38000
277 23000
5069 61000
7809 95000
2809 49000
1516 43000
170 38000
1594 29000
1086 28000
3297 39000
9431 95000
736 48000
744 21000
1044 15000
8942 94000
847 27000
321 64000
1626 55000
6836 90000
589 36000
769 55000
2001 22000
6213 68000
7651 86000
4683 68000
2260 23000
2934 45000
2388 65000
1396 75000
2581 87000
3707 88000
2685 37000
3990 76000
