583 19000
784 73000
2076 85000
388 23000
1596 42000
107 37000
3576 71000
2789 90000
60 18000
532 67000
1923 64000
2642 79000
1554 35000
1793 76000
5746 91000
6009 66000
4924 58000
3644 53000
3749 89000
5207 58000
1736 48000
5577 63000
1962 21000
663 99000
1193 13000
414 37000
1852 97000
293 14000
161 87000
737 24000
647 45000
44 24000
2439 90000
3671 48000
1822 96000
2504 81000
3391 60000
1208 46000
2586 57000
1285 18000
2047 26000
6873 86000
4469 86000
1817 44000
3281 46000
5769 97000
830 65000
617 71000
969 84000
8646 98000
1426 98000
424 34000
6458 65000
1232 44000
2661 57000
823 34000
7084 78000
449 60000
2274 53000
1166 37000
6506 87000
2770 34000
707 28000
663 46000
3265 56000
1102 37000
4188 48000
1100 13000
2202 30000
2356 57000
855 17000
1583 56000
299 35000
7790 91000
1385 58000
3542 92000
7585 77000
2033 23000
9579 96000
1453 54000
674 80000
1543 64000
699 82000
6072 62000
566 29000
2818 39000
265 31000
5533 88000
436 32000
5274 65000
204 40000
314 21000
1162 25000
3466 88000
3599 72000
6952 89000
151 96000
6796 95000
1721 41000
1610 93000
4505 49000
4875 55000
8459 89000
1189 73000
7507 82000
541 84000
117 72000
382 13000
3593 61000
2624 29000
1107 23000
2594 38000
6527 85000
1099 11000
240 57000
420 24000
3749 54000
1255 21000
636 10000
531 21000
2188 23000
8127 96000
3450 69000
734 15000
302 70000
3456 40000
307 25000
1435 34000
2101 32000
4970 80000
8208 94000
3806 56000
8868 89000
930 59000
1309 74000
1729 26000
1915 97000
1952 52000
5236 78000
4415 100000
595 40000
102 69000
2107 50000
6256 67000
7353 90000
2977 36000
1164 33000
2835 51000
2338 43000
428 23000
