3084 75000
6310 79000
1431 91000
1526 39000
1566 28000
1797 81000
1360 22000
1387 38000
4422 77000
2094 26000
5544 56000
1563 22000
6488 80000
761 98000
2438 51000
4057 52000
6844 91000
3265 36000
1405 88000
4429 59000
4349 53000
2925 95000
5853 77000
182 19000
190 20000
1468 82000
6870 78000
3970 93000
1575 88000
9443 99000
7608 81000
3437 46000
6421 96000
42 20000
3260 64000
4336 55000
833 26000
3325 47000
8346 90000
3308 89000
2822 56000
1787 55000
2278 38000
2155 31000
3696 79000
326 30000
315 21000
4451 59000
3099 34000
3314 95000
748 29000
5352 56000
2411 44000
3554 91000
7698 83000
669 91000
1175 85000
2206 31000
6736 98000
396 81000
4435 85000
201 38000
4208 62000
5740 65000
1795 29000
251 36000
421 39000
2509 36000
278 10000
7121 93000
124 55000
2904 36000
713 59000
2093 38000
1162 68000
8256 90000
653 19000
4709 70000
5707 75000
4842 68000
3548 74000
3732 44000
1337 14000
1563 47000
1915 84000
5615 86000
3415 65000
74 43000
1994 84000
4905 86000
1315 95000
6372 70000
3709 45000
1819 23000
4024 52000
2542 90000
4104 46000
1086 16000
555 23000
572 45000
695 18000
1833 42000
2102 51000
6092 90000
2400 38000
5905 66000
1947 68000
2457 64000
2032 43000
7279 88000
711 38000
8184 85000
4165 61000
3841 67000
1435 47000
