755 46000
1679 51000
3941 50000
3156 68000
3762 43000
510 42000
4490 47000
3259 49000
2561 67000
2798 63000
198 16000
48 44000
449 30000
1487 25000
3275 48000
1205 33000
3683 84000
4811 77000
5917 80000
1022 19000
756 58000
4367 68000
1283 21000
4096 54000
2857 29000
647 30000
1320 25000
9307 99000
2513 67000
1354 24000
5473 61000
1286 40000
3336 41000
4995 50000
1995 48000
1886 20000
2654 40000
1907 53000
256 68000
2449 42000
930 15000
5571 93000
1544 23000
3052 69000
1161 32000
332 34000
2660 90000
6882 73000
545 65000
939 47000
1062 21000
292 44000
1580 32000
5294 86000
1926 35000
1777 100000
6396 68000
530 13000
1157 27000
502 10000
1569 74000
5671 78000
3154 51000
88 65000
7621 89000
892 22000
38 11000
5046 98000
5052 57000
3642 49000
2968 70000
3595 56000
222 19000
5363 66000
1083 50000
1329 61000
5562 57000
588 31000
698 23000
1773 37000
989 27000
