1123 69000
480 67000
4644 57000
519 13000
198 27000
5656 73000
2497 77000
8232 85000
6499 81000
1996 21000
153 46000
3051 56000
1074 83000
222 31000
854 42000
3779 100000
494 13000
683 55000
4894 59000
9645 98000
5491 58000
2886 48000
2855 32000
1268 39000
390 59000
1254 28000
3463 48000
3111 85000
2488 66000
1496 51000
708 14000
3548 49000
3830 96000
1252 25000
6828 69000
8346 100000
3125 63000
5585 74000
176 58000
6809 75000
3244 60000
931 69000
2900 36000
2774 53000
784 31000
1539 48000
747 95000
2158 34000
1749 38000
768 58000
6275 93000
2049 30000
1801 44000
62 18000
2183 98000
4248 59000
580 14000
1201 78000
6745 78000
8547 90000
5885 97000
1510 21000
3344 62000
1322 59000
5968 84000
102 28000
391 21000
2962 40000
1758 100000
973 24000
5919 84000
80 72000
1128 34000
1670 52000
3902 48000
1004 61000
6966 71000
5231 54000
596 66000
855 21000
2182 22000
3339 63000
1260 89000
6672 75000
520 49000
4667 55000
855 18000
2174 54000
6614 68000
2596 35000
5811 86000
1652 64000
3979 77000
2496 38000
1392 33000
7171 96000
1766 22000
5046 52000
3611 47000
1981 54000
3344 70000
894 64000
1612 66000
218 28000
6633 88000
2140 55000
6932 99000
3814 67000
5170 61000
6266 74000
1591 34000
3482 63000
3210 35000
597 23000
2735 61000
4865 81000
6732 85000
2236 79000
