3122 43000
375 55000
501 55000
3277 48000
4365 66000
5123 94000
127 82000
4694 99000
1725 81000
1685 30000
1404 17000
2123 31000
1915 39000
631 45000
690 31000
6142 76000
5056 73000
1551 27000
5459 84000
7725 89000
2391 49000
7047 93000
4855 79000
4826 60000
248 41000
1403 39000
2159 61000
8387 93000
676 84000
5583 64000
2778 32000
777 19000
6665 70000
1508 91000
714 42000
2410 52000
1771 35000
5265 65000
1182 21000
2591 41000
1603 19000
1243 33000
3214 70000
895 76000
908 45000
1487 41000
5845 67000
183 20000
2509 56000
897 42000
1449 66000
4250 96000
3631 94000
105 40000
6930 93000
1216 27000
1147 23000
2195 36000
2155 70000
6117 84000
7691 100000
