6912 75000
117 25000
410 41000
1358 76000
1413 28000
619 50000
4918 80000
625 30000
743 35000
7308 94000
718 47000
292 38000
147 15000
4092 51000
8481 89000
793 28000
9447 96000
395 11000
2560 34000
1846 49000
2030 27000
1910 66000
400 75000
6766 72000
5643 84000
3355 75000
2413 40000
6346 66000
2295 53000
1053 11000
1199 39000
787 74000
6066 75000
1299 34000
5944 76000
691 28000
813 21000
1700 72000
195 71000
1374 82000
5036 59000
5156 76000
126 16000
271 54000
5726 81000
773 42000
3301 71000
6662 82000
504 23000
409 70000
5901 91000
473 28000
1904 57000
3428 62000
6761 95000
1111 14000
1918 60000
787 13000
1749 19000
2721 44000
2709 82000
2047 31000
3433 46000
987 25000
