5522 65000
2555 63000
793 97000
3959 51000
5537 81000
4705 84000
5896 65000
1596 34000
3386 88000
6610 93000
2764 47000
1885 42000
5105 86000
144 33000
6912 83000
1730 27000
3618 89000
2317 24000
2078 25000
688 28000
2172 55000
5911 86000
1359 22000
2387 61000
3370 39000
1149 47000
4475 48000
5772 79000
139 64000
279 77000
666 82000
4747 63000
2732 43000
1146 27000
4079 54000
1188 23000
7018 86000
4136 48000
2161 84000
466 10000
3116 72000
557 39000
2592 93000
834 62000
629 28000
4315 44000
4625 100000
3014 64000
130 18000
1264 14000
291 20000
4369 46000
1858 21000
1389 36000
4088 56000
246 86000
1189 51000
2755 44000
