1337 14000
876 41000
2484 32000
883 47000
1725 22000
438 90000
3942 97000
3274 99000
3149 61000
2755 84000
2166 59000
2059 42000
2953 47000
362 60000
276 46000
1424 44000
260 74000
584 62000
6814 71000
562 28000
1021 35000
1417 81000
75 11000
2916 45000
5708 100000
1600 28000
2143 89000
2349 100000
112 25000
5084 64000
3371 50000
518 30000
2366 24000
2642 42000
637 50000
1682 18000
1555 85000
1944 23000
1072 17000
4595 66000
2269 96000
4811 78000
2253 32000
753 87000
4009 71000
3684 44000
4734 58000
1390 58000
3030 52000
3807 78000
5012 55000
163 32000
9158 97000
1656 58000
629 60000
2617 39000
5889 61000
6248 82000
575 67000
2109 79000
1771 74000
4040 80000
3020 43000
1758 97000
6861 89000
1582 21000
1622 24000
2864 61000
2065 34000
7223 74000
6763 90000
7529 98000
4747 57000
853 18000
706 65000
1115 41000
1400 28000
5414 75000
625 16000
2238 83000
3159 39000
2022 39000
2852 62000
2713 43000
2956 59000
5813 95000
1306 57000
2521 34000
8172 97000
3483 41000
41 11000
7807 82000
747 24000
7095 97000
3054 64000
1369 65000
2847 99000
2957 88000
1247 39000
1083 31000
1424 46000
2622 60000
6557 91000
7354 74000
6165 96000
7056 90000
4701 79000
4250 76000
6173 79000
4014 64000
757 60000
1182 39000
2267 29000
1729 33000
253 37000
3196 61000
5519 61000
2642 87000
3495 43000
1454 28000
