3663 42000
1412 25000
3938 68000
4816 61000
301 22000
5281 87000
1860 26000
2453 61000
1823 19000
356 47000
1029 35000
1017 27000
4675 74000
1032 44000
6535 86000
878 24000
5137 66000
3277 59000
2136 23000
468 50000
2902 33000
367 43000
5558 67000
365 59000
1986 95000
2464 46000
2869 42000
6514 96000
1877 38000
618 51000
727 49000
1414 29000
2246 68000
1065 34000
7407 92000
8116 94000
2197 94000
1762 43000
605 10000
3159 33000
6520 73000
1887 47000
2910 53000
6414 81000
2407 34000
452 88000
550 30000
1831 70000
2036 27000
2260 88000
6149 68000
4043 62000
4974 64000
3916 55000
4559 93000
1609 83000
3969 72000
1581 38000
