8600 92000
7227 74000
3556 46000
305 14000
2196 33000
1598 24000
549 65000
720 41000
365 18000
551 54000
2021 69000
2868 33000
1175 28000
1989 99000
4138 67000
1715 21000
5869 64000
4272 58000
305 19000
4572 97000
1060 40000
1141 14000
48 48000
522 11000
1641 39000
3503 61000
520 79000
4087 53000
1064 74000
872 14000
2681 87000
3718 52000
1181 17000
807 11000
8987 95000
1657 25000
2453 32000
2390 94000
1140 97000
6438 73000
1551 22000
465 89000
2189 99000
1762 21000
1622 60000
4497 67000
7083 82000
1289 79000
777 15000
432 75000
369 14000
1664 32000
877 48000
4783 70000
4071 100000
1381 14000
3392 58000
5764 92000
2421 25000
1601 26000
2574 57000
1023 12000
1445 22000
6210 88000
5840 71000
1240 26000
1221 34000
7443 80000
4545 70000
913 51000
3115 42000
476 10000
3264 78000
6288 68000
97 72000
1688 19000
1689 31000
283 37000
5344 57000
1476 72000
4119 49000
228 97000
4607 85000
405 12000
2328 33000
5267 99000
757 23000
1182 80000
3864 98000
1052 73000
4037 88000
2658 57000
7753 98000
6179 76000
1326 24000
544 36000
1467 34000
390 41000
473 25000
