669 16000
3877 80000
680 14000
1149 54000
5921 80000
2328 26000
6262 65000
2874 84000
2000 21000
3517 49000
2969 39000
1231 50000
7071 90000
1375 24000
4130 47000
1955 38000
3730 90000
5242 57000
86 31000
1176 23000
1702 96000
1055 54000
8039 99000
4612 61000
669 22000
5837 82000
3463 99000
7185 85000
7293 75000
3411 56000
900 20000
4803 92000
2425 74000
5148 61000
5693 64000
8973 91000
1866 49000
2743 35000
1644 24000
2948 52000
1039 35000
1606 30000
4508 61000
2020 53000
1777 42000
449 59000
1584 33000
1568 49000
9378 99000
618 16000
1477 45000
2328 51000
2708 44000
842 11000
681 66000
2811 66000
6948 72000
7498 99000
198 28000
2545 28000
6005 64000
380 44000
2618 44000
1093 24000
1142 60000
6761 75000
3344 92000
868 71000
2831 40000
2120 25000
3939 84000
1534 21000
3849 69000
1528 27000
4587 67000
821 30000
4585 74000
3701 81000
102 85000
9094 92000
399 19000
2628 33000
4105 98000
563 20000
2010 54000
3839 77000
3501 70000
858 77000
2334 41000
342 19000
4992 99000
1718 21000
1450 82000
