641 21000
1803 82000
999 61000
1795 92000
3070 58000
139 24000
3719 93000
69 12000
4562 48000
2578 42000
3372 73000
3861 50000
384 35000
952 28000
3979 56000
2424 65000
9758 99000
485 71000
1257 13000
723 45000
253 51000
2658 51000
5097 64000
918 11000
2170 85000
883 13000
1371 89000
4032 87000
421 40000
3248 60000
5081 59000
1451 53000
730 84000
1442 35000
468 11000
6911 87000
1091 40000
6105 98000
4765 93000
627 87000
600 74000
1872 26000
3184 92000
860 44000
394 94000
5495 59000
4793 62000
836 96000
4392 46000
453 11000
3134 46000
163 39000
2721 98000
3095 34000
998 26000
4300 62000
296 15000
3856 85000
1004 17000
2499 27000
3044 52000
1848 70000
3852 68000
1743 73000
305 21000
933 13000
5206 58000
4556 87000
935 19000
1518 85000
1521 24000
2638 49000
1303 95000
567 26000
2361 26000
530 33000
5495 64000
6668 79000
3505 48000
41 30000
196 42000
1466 54000
5892 81000
1989 30000
1395 21000
574 42000
48 10000
396 84000
6142 97000
4069 51000
932 18000
1545 91000
9385 100000
6629 75000
801 20000
1116 15000
6015 88000
3078 81000
7275 74000
2280 77000
5820 85000
9140 96000
4009 42000
5237 79000
587 62000
1618 67000
1639 76000
2812 84000
3679 47000
983 12000
628 28000
1371 36000
586 12000
2257 74000
3369 54000
265 13000
7379 78000
6242 95000
5139 86000
3033 39000
5251 87000
9807 100000
1452 16000
4352 65000
3897 69000
5934 85000
371 12000
99 10000
350 12000
4595 90000
846 20000
3084 64000
5110 79000
6337 85000
1557 18000
957 35000
5510 57000
4227 63000
1689 40000
2217 56000
1637 21000
2613 30000
4009 84000
637 32000
1420 45000
4768 51000
3839 82000
1644 74000
632 10000
4269 81000
4419 75000
372 35000
6156 76000
5434 67000
2243 34000
3187 34000
2279 25000
2577 36000
