915 46000
2364 45000
5248 86000
1413 27000
5571 74000
1434 16000
505 13000
3350 35000
1951 38000
3020 42000
1689 31000
2255 46000
657 11000
2413 33000
4368 54000
5278 55000
4389 78000
571 94000
2195 53000
1918 38000
756 39000
324 35000
4588 65000
2895 70000
5819 90000
1435 35000
6963 77000
2255 86000
2383 33000
2813 96000
7538 81000
660 58000
898 41000
342 57000
1018 14000
5570 92000
5717 81000
9177 93000
2185 33000
4053 94000
166 65000
17 17000
1692 20000
6746 70000
3075 39000
3441 99000
1192 32000
5047 68000
5187 98000
2553 39000
2451 25000
29 24000
7167 93000
2268 61000
1586 40000
952 59000
2484 39000
2127 23000
669 16000
3552 37000
3865 94000
1979 97000
4708 74000
3606 61000
6002 63000
1999 55000
4655 92000
3481 57000
6073 98000
2989 84000
1295 15000
3223 54000
4457 98000
3381 60000
494 86000
209 24000
7297 75000
2406 36000
4734 63000
136 10000
4091 74000
4927 76000
3042 67000
446 12000
2292 33000
5509 77000
1992 46000
3606 78000
512 34000
5152 59000
699 86000
7896 95000
2113 37000
