1294 89000
129 12000
2398 87000
703 10000
1034 54000
1091 46000
7877 84000
1808 32000
4515 75000
670 47000
2819 37000
2845 72000
3520 36000
2034 56000
2925 39000
1052 38000
3706 78000
265 25000
1689 69000
782 25000
2531 97000
2103 38000
1580 80000
1683 38000
5056 94000
4511 67000
3500 94000
4696 64000
3184 33000
1673 19000
1853 47000
2362 45000
665 25000
5582 85000
3347 45000
1591 64000
2706 31000
2773 50000
6763 87000
2375 45000
4719 85000
7206 90000
3424 67000
1500 21000
5077 55000
290 11000
1394 25000
644 15000
1100 78000
5706 66000
180 39000
1367 30000
4780 74000
6774 89000
731 14000
115 23000
1135 65000
8959 93000
1070 18000
6127 63000
3867 88000
8471 86000
2068 38000
3845 54000
292 38000
52 46000
1085 28000
2383 24000
3003 96000
1717 73000
2705 59000
4640 54000
3275 59000
5328 62000
3931 61000
1250 89000
117 24000
2097 53000
4930 73000
4438 59000
3184 33000
351 76000
4861 50000
4930 54000
3522 42000
3163 35000
874 29000
1761 56000
1295 68000
9469 99000
4647 49000
3540 37000
2252 54000
822 17000
627 81000
1510 48000
853 69000
5768 85000
3560 83000
907 38000
6200 65000
5414 78000
4562 52000
1542 81000
5234 88000
1134 28000
46 23000
5839 78000
3200 69000
474 57000
2721 28000
750 93000
6104 76000
3809 73000
3451 61000
3020 73000
1043 15000
722 44000
6158 65000
1097 66000
486 64000
1304 58000
960 11000
1510 54000
1056 21000
1250 45000
145 26000
1697 52000
287 39000
3324 42000
7572 100000
7192 86000
807 24000
1622 57000
2122 70000
4368 71000
4777 89000
8148 82000
418 36000
4268 53000
2609 75000
8772 97000
125 47000
867 96000
886 29000
552 16000
1756 44000
1525 17000
2099 92000
1563 69000
1524 37000
8424 98000
1956 83000
688 30000
1089 31000
1788 42000
1275 66000
583 45000
2303 25000
1190 12000
1858 94000
