888 11000
3693 54000
1981 53000
5143 91000
5210 85000
1807 35000
3406 35000
4345 78000
88 24000
1712 32000
95 21000
3301 43000
1345 74000
303 44000
3473 93000
2547 33000
1312 34000
2530 88000
1101 17000
2778 29000
4680 53000
5248 82000
1320 40000
1411 41000
6012 70000
2950 82000
1917 84000
4700 51000
2049 23000
280 63000
681 49000
7474 81000
1015 47000
6021 78000
1594 33000
1567 89000
4790 66000
1033 42000
2415 27000
1627 31000
1921 88000
5418 68000
2399 61000
1510 91000
1682 32000
3022 54000
5272 96000
3853 90000
1941 25000
2708 50000
9671 98000
1092 13000
577 13000
1058 29000
1718 20000
5983 76000
878 61000
6327 77000
1662 34000
5887 69000
2812 80000
2374 63000
295 71000
1464 17000
5500 56000
998 31000
7686 99000
3606 40000
3465 78000
2881 43000
5594 76000
2857 29000
5135 57000
3991 51000
2990 53000
2282 30000
3202 37000
4079 73000
9895 100000
2496 63000
2479 44000
138 12000
5709 98000
623 84000
181 45000
7780 100000
2318 53000
4737 80000
811 18000
5175 94000
1483 58000
