3217 44000
3992 52000
357 41000
2165 38000
4364 69000
1629 41000
8471 98000
262 62000
1152 73000
2235 93000
6968 72000
6042 92000
2920 44000
2250 32000
704 91000
6688 99000
1663 39000
1823 34000
481 13000
3693 89000
1203 46000
315 10000
360 63000
3265 56000
284 23000
3795 63000
1337 44000
7641 94000
2375 42000
474 21000
1170 79000
4093 67000
1829 65000
4195 50000
6129 89000
7343 87000
3418 91000
4844 83000
1475 68000
5326 97000
7874 83000
321 18000
5514 87000
1267 26000
6397 73000
279 29000
1457 17000
1996 25000
799 10000
4891 71000
9302 95000
1228 29000
8590 89000
433 15000
4264 68000
5324 75000
4180 98000
1665 78000
7394 77000
293 88000
1099 54000
255 26000
99 19000
6957 92000
323 34000
4736 66000
5127 98000
1654 26000
923 21000
852 20000
7677 78000
4112 57000
2864 34000
8149 83000
4716 71000
3130 55000
2369 72000
