3917 72000
582 85000
2681 75000
2661 74000
2094 57000
5081 72000
5226 73000
2605 38000
810 53000
5089 68000
1818 94000
483 10000
519 66000
3977 73000
753 56000
1748 89000
4329 61000
2125 42000
87 49000
3053 59000
3047 57000
116 24000
873 34000
5426 64000
2397 32000
226 19000
1372 21000
1426 27000
3547 59000
823 30000
5768 96000
328 66000
1067 82000
3744 77000
2401 54000
1660 33000
5688 64000
1164 13000
1489 25000
2795 86000
549 20000
265 14000
1455 29000
186 18000
578 93000
1793 21000
3530 89000
