3461 65000
1162 12000
3611 62000
7027 97000
2343 77000
1980 56000
7503 95000
4631 49000
4881 63000
694 88000
273 12000
1158 12000
2046 71000
926 41000
6148 86000
3007 59000
3244 68000
193 21000
838 78000
570 16000
2145 30000
945 11000
1019 12000
4610 75000
2290 87000
810 13000
1874 38000
2573 39000
1400 33000
423 57000
5517 61000
4236 84000
780 35000
2440 29000
443 39000
5787 72000
58 41000
6504 68000
4565 64000
248 91000
2224 27000
5376 89000
2547 80000
1588 29000
531 16000
1850 45000
1661 66000
3325 57000
1357 25000
1504 73000
183 11000
1544 33000
1385 14000
3306 56000
63 12000
2683 97000
7786 88000
1791 89000
386 76000
1045 27000
3094 61000
5486 84000
1001 14000
2420 38000
3715 82000
2455 37000
2283 87000
607 13000
7349 90000
640 82000
251 51000
2018 96000
5191 69000
2995 71000
601 22000
627 20000
2604 48000
5300 85000
163 10000
713 62000
3410 61000
4516 63000
1450 44000
500 40000
1486 76000
2215 98000
3654 49000
4361 53000
7219 89000
2185 50000
405 13000
7780 79000
8167 92000
9372 95000
3584 56000
55 28000
1447 28000
427 64000
3228 87000
285 20000
7018 96000
112 13000
669 11000
3140 91000
2344 55000
629 45000
6169 63000
106 70000
220 29000
4457 61000
1677 24000
968 36000
2753 95000
6512 68000
2287 29000
4121 88000
4917 76000
1911 22000
1332 45000
8677 93000
6314 65000
705 68000
4250 98000
1308 83000
5531 69000
834 18000
2257 98000
723 65000
9493 100000
701 23000
2083 38000
1503 74000
1774 43000
1138 61000
4674 52000
5061 87000
4607 59000
547 30000
3083 37000
1718 18000
807 35000
772 27000
492 15000
2944 59000
6588 70000
4713 70000
689 54000
2500 29000
8126 82000
1742 19000
4776 52000
4908 67000
2117 39000
6416 84000
783 20000
463 67000
2098 81000
5175 71000
4042 73000
4632 81000
684 44000
