3989 57000
2142 57000
852 33000
5155 58000
841 15000
7510 92000
4184 59000
665 39000
2740 98000
2560 95000
613 27000
6235 65000
834 12000
1757 34000
7024 77000
4037 92000
4431 99000
1350 18000
1570 71000
1571 69000
1513 42000
618 93000
838 55000
1738 31000
2314 66000
1236 97000
101 19000
2770 36000
1562 64000
61 14000
3734 61000
879 65000
7047 79000
472 98000
541 16000
1602 20000
4730 100000
3369 41000
1933 41000
1375 22000
1815 90000
3790 95000
5945 62000
6411 99000
1700 19000
5712 77000
2958 40000
1354 20000
1468 53000
866 38000
2129 54000
7839 96000
4494 53000
4502 99000
8385 91000
994 10000
4069 73000
3642 66000
1503 36000
910 90000
1069 36000
2785 28000
3014 39000
1487 29000
8121 84000
2446 100000
1625 19000
6280 95000
668 47000
1740 25000
4179 42000
6775 82000
1947 42000
661 53000
7434 81000
121 10000
444 55000
8844 92000
2658 31000
7848 93000
458 23000
4554 99000
8257 84000
1529 24000
1996 72000
1216 28000
1438 16000
137 29000
6404 97000
5413 82000
5461 81000
922 27000
6597 90000
971 10000
3164 35000
2638 28000
7382 91000
8073 84000
1475 34000
422 83000
2991 59000
1157 40000
54 13000
3291 64000
1639 86000
1112 81000
1251 59000
1084 57000
4983 79000
1215 17000
69 65000
1740 45000
6515 91000
6799 90000
1169 72000
869 58000
2600 94000
1212 24000
5128 87000
1518 73000
3387 100000
382 83000
59 12000
2962 81000
6635 98000
3131 46000
638 24000
4003 63000
804 13000
867 66000
678 44000
1485 97000
4912 65000
2286 35000
4974 57000
2096 53000
2295 40000
502 16000
2055 39000
