62 19000
394 22000
849 16000
1933 30000
2378 36000
2464 61000
1565 64000
1974 29000
3186 53000
854 24000
1889 98000
547 46000
2785 44000
2092 32000
3279 77000
4342 56000
2815 53000
6781 92000
4095 42000
6037 93000
1856 66000
2236 56000
6026 66000
291 57000
5293 55000
317 59000
2841 68000
465 12000
1589 35000
5323 55000
316 26000
1294 84000
1582 21000
3741 96000
1991 71000
1923 24000
431 10000
627 66000
8941 96000
5520 82000
2068 99000
1444 42000
3407 70000
1635 24000
1322 47000
4508 83000
4714 64000
1776 26000
2031 38000
1748 46000
350 16000
648 37000
682 19000
2204 36000
1426 24000
307 35000
1161 82000
1315 14000
6975 74000
4187 61000
2134 39000
3116 44000
8118 95000
1091 16000
402 73000
3364 42000
1844 94000
128 95000
1829 71000
3279 56000
1426 40000
6181 66000
1266 17000
8665 99000
572 18000
2918 100000
3159 45000
3348 35000
2511 90000
4946 75000
