531 11000
1555 98000
1345 97000
3004 91000
220 32000
1256 58000
5524 63000
2817 46000
1792 21000
7269 74000
1251 39000
5994 68000
5920 85000
8583 89000
3773 55000
5825 69000
138 73000
5069 56000
1600 40000
2997 77000
3896 85000
1073 26000
3249 51000
4060 83000
4015 48000
655 34000
6179 70000
4099 49000
5031 85000
4853 51000
1187 77000
2475 87000
4361 65000
1640 19000
4079 46000
5270 100000
2134 83000
1682 80000
1662 45000
6549 98000
1403 60000
2678 37000
4941 81000
755 14000
3151 54000
3608 56000
1807 86000
86 39000
686 36000
2998 48000
2531 59000
6219 92000
2694 39000
8845 93000
3363 38000
6311 81000
2978 64000
1024 41000
5861 68000
1627 55000
2831 50000
1477 17000
1034 33000
4539 55000
1368 18000
6572 79000
2933 42000
3035 41000
2451 39000
1796 29000
3847 86000
209 33000
2355 28000
358 13000
2188 56000
7556 91000
7121 76000
5688 60000
5301 79000
4373 79000
4392 52000
5078 99000
1650 78000
3125 83000
403 63000
5389 68000
6102 95000
6502 70000
2893 59000
3450 85000
2419 29000
126 15000
999 14000
2781 99000
3545 66000
4583 91000
1825 35000
4602 70000
552 13000
2020 40000
702 33000
444 21000
1762 85000
867 41000
3832 60000
806 13000
658 31000
742 11000
214 38000
379 22000
1941 76000
204 60000
2312 60000
568 30000
110 47000
7968 80000
4052 84000
1516 31000
8551 97000
3135 45000
99 18000
1678 48000
2782 57000
1775 29000
934 55000
2338 50000
1624 48000
733 65000
2209 25000
1015 15000
2592 53000
1182 21000
4645 95000
991 31000
3914 75000
