300 81000
1150 34000
1570 61000
2580 100000
3724 44000
4521 65000
2220 84000
5236 88000
693 34000
257 29000
827 61000
1697 46000
6213 70000
1206 32000
895 86000
7289 73000
3356 55000
275 16000
867 25000
85 54000
6157 67000
3458 72000
1999 80000
3501 85000
331 29000
3285 45000
7183 98000
2576 27000
575 63000
7499 93000
2957 31000
703 48000
1838 19000
537 54000
2649 48000
3329 35000
2008 38000
5960 96000
1378 38000
6620 86000
4768 50000
3910 80000
2141 55000
1074 28000
5324 74000
6393 73000
3740 63000
673 74000
4827 52000
776 51000
781 86000
445 17000
2408 67000
2019 98000
1813 41000
2696 61000
732 100000
402 14000
4272 52000
1144 53000
2125 65000
353 98000
2972 89000
920 34000
3077 89000
1101 19000
4372 49000
3104 44000
618 34000
125 76000
2467 25000
7387 100000
4271 89000
504 30000
898 42000
2039 75000
2163 73000
1101 57000
1066 61000
826 29000
318 52000
4662 52000
3307 44000
6405 95000
2334 83000
837 69000
458 18000
1375 23000
1960 26000
1820 60000
2140 29000
6459 68000
664 16000
2657 83000
4751 62000
6689 78000
804 78000
9080 94000
1008 18000
347 20000
1976 72000
1337 24000
507 16000
1426 60000
271 64000
410 42000
837 38000
3957 70000
9246 94000
2260 89000
2545 37000
1746 30000
5031 93000
4438 76000
2477 84000
2305 25000
3642 57000
3148 43000
771 84000
843 51000
7083 85000
5565 73000
136 47000
3841 67000
1572 62000
647 22000
6766 99000
3632 60000
4685 50000
3048 86000
7670 88000
1004 20000
1988 20000
1987 44000
1249 65000
5720 63000
4096 45000
6029 69000
3777 97000
2897 73000
3674 48000
1095 19000
6259 68000
442 20000
5027 87000
4238 89000
