4561 52000
2483 28000
8261 91000
3543 59000
2315 80000
1153 13000
413 15000
932 10000
1230 14000
1670 17000
474 13000
632 11000
1407 26000
5456 70000
3790 79000
1353 22000
1804 45000
5350 63000
6150 86000
822 13000
3270 80000
105 60000
485 12000
4117 57000
1484 43000
1856 65000
4023 46000
6686 70000
2638 75000
1658 35000
1076 18000
2025 80000
587 15000
784 48000
5465 72000
895 100000
2085 45000
2071 23000
874 100000
798 44000
3283 74000
6114 77000
713 17000
7007 77000
1989 79000
4704 80000
260 11000
8279 94000
800 88000
4472 47000
6053 82000
6486 77000
3775 60000
3202 91000
1516 45000
3283 52000
3255 36000
2195 27000
1497 47000
2101 59000
4486 65000
5124 58000
1984 40000
7998 82000
94 36000
7083 75000
1150 30000
1925 54000
3330 69000
4272 44000
6326 93000
2782 30000
3544 77000
4156 52000
977 45000
84 20000
5322 86000
780 19000
748 65000
3852 59000
667 15000
1026 15000
321 40000
157 12000
849 12000
5764 77000
515 20000
4721 60000
7698 81000
2366 28000
2851 38000
6500 68000
549 100000
596 82000
902 21000
6645 85000
785 17000
1252 29000
6290 84000
8136 96000
926 10000
6216 78000
199 64000
7253 90000
1103 34000
2232 71000
852 76000
733 71000
1726 27000
3399 45000
322 17000
7040 87000
1214 51000
3327 40000
3623 81000
1448 52000
160 90000
8743 93000
2016 67000
253 28000
1712 98000
5443 88000
1810 59000
2008 91000
1601 46000
7295 91000
4365 72000
8860 99000
7257 87000
1954 49000
3005 78000
1050 36000
1779 19000
138 84000
800 68000
1479 42000
4293 60000
2725 36000
364 13000
4965 55000
4976 79000
2367 89000
4375 72000
290 26000
5691 99000
4601 89000
466 10000
1422 39000
715 21000
8455 98000
2329 64000
