818 85000
1247 15000
406 13000
222 19000
3678 97000
9108 100000
2810 36000
1237 27000
567 12000
8308 99000
5304 85000
1043 28000
2106 46000
3387 99000
3966 57000
3628 60000
1463 21000
237 34000
2019 65000
5897 84000
1725 42000
2667 84000
979 62000
2944 69000
791 22000
5318 94000
2850 72000
4465 100000
3991 74000
738 21000
58 31000
3591 40000
120 11000
975 12000
6613 88000
598 92000
506 21000
3661 68000
6470 71000
5814 87000
6355 70000
1036 14000
2354 49000
1061 24000
1589 22000
5723 81000
1810 22000
3794 68000
494 48000
1419 25000
232 43000
8507 90000
4678 85000
537 34000
454 13000
5319 69000
4469 52000
1289 29000
985 51000
5899 85000
2209 59000
4671 53000
2031 22000
3053 39000
387 23000
403 47000
1633 48000
1610 71000
1112 64000
846 23000
440 60000
7880 91000
4100 81000
3313 88000
3732 50000
1766 91000
2193 23000
4634 78000
4322 55000
3858 51000
3831 100000
1356 91000
1810 40000
172 44000
2809 36000
8170 91000
3966 94000
49 26000
5269 89000
8536 91000
3597 45000
2050 43000
5188 81000
1160 95000
2347 94000
5316 95000
3928 72000
2072 64000
369 55000
1566 20000
1873 41000
