8019 94000
1684 21000
2615 93000
3943 67000
1569 58000
9905 100000
1444 46000
2086 34000
2854 51000
4252 58000
7898 83000
1861 89000
3361 50000
8880 93000
3145 99000
3496 63000
4241 54000
1696 20000
2611 99000
5107 70000
998 24000
2725 31000
783 77000
5338 57000
417 14000
7158 84000
1415 20000
1092 30000
1160 84000
8156 89000
3724 63000
3892 77000
762 14000
3841 49000
1174 57000
2666 66000
1933 22000
2372 66000
4012 61000
2173 23000
6645 75000
1029 72000
1547 16000
1662 36000
2936 100000
6757 86000
887 17000
3402 60000
918 38000
3085 97000
1823 71000
224 87000
2230 45000
1922 74000
