2350 100000
1166 26000
90 13000
2235 45000
855 78000
3057 49000
3223 35000
336 12000
398 42000
4284 72000
5913 100000
3159 71000
1990 58000
1186 18000
202 23000
4579 94000
125 13000
1552 85000
6513 97000
344 35000
6481 65000
761 97000
2417 84000
811 18000
2537 66000
5632 82000
139 54000
3267 37000
758 82000
796 10000
4748 49000
7046 92000
421 53000
2237 85000
2328 42000
3741 97000
7283 82000
2698 77000
3916 56000
5913 79000
7126 81000
340 11000
1446 23000
2862 52000
5448 60000
3350 80000
3171 45000
6912 93000
202 10000
781 22000
230 34000
953 18000
7922 97000
6684 79000
3098 33000
1844 40000
4847 52000
489 84000
8249 86000
869 29000
772 25000
2262 64000
2356 38000
7055 82000
7091 78000
3720 72000
4730 52000
1266 71000
825 14000
3563 55000
1809 36000
3346 44000
431 10000
2180 73000
1833 34000
3746 39000
2311 58000
2404 97000
971 73000
875 17000
1929 78000
80 73000
1228 86000
4674 96000
4681 58000
1205 43000
1181 34000
5773 68000
1481 87000
7999 91000
7906 100000
1681 44000
1163 84000
4317 67000
2258 51000
680 28000
1647 89000
3462 48000
7200 76000
9684 97000
5767 94000
5744 82000
461 60000
376 46000
7502 88000
539 11000
4337 75000
2131 28000
1700 48000
5707 91000
686 12000
629 64000
4276 66000
1511 25000
3568 44000
739 10000
3027 90000
6818 79000
784 32000
6557 89000
2944 45000
1816 46000
517 22000
8610 95000
3181 69000
1055 13000
4074 98000
1293 14000
5980 69000
553 35000
4582 93000
7726 83000
261 12000
2552 67000
427 12000
4683 77000
3451 74000
26 30000
