3173 86000
582 71000
1821 51000
4120 76000
2360 68000
1091 73000
523 86000
5063 56000
1101 29000
1240 64000
4645 68000
1197 53000
1346 35000
544 41000
530 81000
7219 100000
1586 43000
2287 62000
5799 65000
1801 52000
1456 38000
988 46000
1414 22000
1373 62000
1649 90000
3356 45000
7810 99000
4166 54000
6577 80000
8306 95000
226 13000
2175 47000
817 72000
2947 42000
8648 87000
1683 95000
3296 77000
1122 17000
735 36000
1006 22000
5983 89000
3874 40000
2096 84000
2356 99000
212 27000
5083 91000
401 23000
630 15000
7449 78000
3106 35000
8863 95000
568 36000
3748 51000
1902 20000
943 68000
5795 84000
1679 61000
904 10000
3044 36000
3695 78000
274 94000
793 24000
1865 63000
5263 73000
1153 95000
1865 31000
1152 16000
769 57000
4162 76000
5931 92000
5401 94000
3958 98000
4434 90000
3671 97000
722 69000
920 11000
1017 29000
5209 100000
4982 51000
267 59000
5786 81000
615 70000
2443 68000
1218 85000
3466 45000
4117 66000
3352 99000
1427 70000
4685 86000
4525 61000
4006 96000
4043 83000
4140 72000
7620 90000
785 82000
4686 74000
2353 48000
6250 73000
2059 33000
6966 94000
115 16000
9094 91000
442 32000
130 31000
837 49000
1269 23000
