2166 29000
1841 37000
3773 97000
8136 92000
2928 93000
1729 60000
1269 27000
1362 14000
5406 63000
3476 35000
499 43000
301 95000
6577 68000
9601 99000
264 68000
87 66000
815 64000
5673 75000
859 14000
1027 11000
4526 85000
4399 70000
3809 59000
2630 65000
2928 69000
2137 32000
5045 54000
496 11000
1430 20000
1170 41000
1597 33000
276 14000
2051 49000
278 47000
7664 85000
859 11000
222 34000
3668 49000
9540 99000
1759 91000
1398 51000
2835 58000
2150 56000
1112 52000
510 73000
605 15000
5004 60000
28 17000
1477 46000
445 35000
5949 62000
2198 41000
9474 97000
2203 58000
2263 94000
4581 46000
893 12000
1379 49000
4526 73000
458 81000
4290 85000
2587 40000
3399 35000
2561 26000
8994 93000
1201 54000
2351 37000
326 24000
2087 55000
6037 95000
3146 41000
1121 39000
259 31000
2924 30000
3555 66000
1152 19000
6309 88000
1259 93000
1125 12000
5160 85000
891 20000
3987 84000
1847 28000
418 12000
5503 80000
3842 45000
4350 53000
5266 67000
6196 69000
378 20000
3797 99000
793 72000
2091 62000
2280 84000
2363 30000
1544 21000
1914 90000
3627 56000
2147 44000
1453 43000
3451 43000
3026 87000
7753 80000
340 87000
1740 80000
826 24000
5078 79000
2007 29000
8429 98000
2739 48000
1650 27000
2277 96000
2352 45000
2266 91000
2275 83000
