4760 92000
512 72000
713 15000
2754 38000
517 20000
2320 100000
68 19000
7803 79000
3511 55000
1067 99000
1878 29000
3044 55000
435 14000
3582 37000
3251 39000
881 35000
4394 46000
7484 75000
935 18000
677 27000
108 63000
3848 71000
2391 100000
1729 35000
657 13000
1980 70000
977 25000
807 18000
499 27000
4712 91000
5947 77000
4101 98000
3575 74000
2695 34000
3487 96000
1564 41000
3295 69000
2543 77000
1981 20000
1591 21000
1829 21000
5013 75000
5493 64000
1568 64000
2406 89000
6422 99000
3420 80000
5363 96000
2246 53000
1393 27000
5936 85000
2384 38000
3233 83000
3510 41000
8573 92000
6736 75000
4332 50000
5151 95000
1604 92000
784 14000
7525 89000
5817 65000
218 13000
5539 57000
860 30000
1988 87000
380 14000
3399 52000
2237 59000
4562 55000
1061 59000
6151 66000
7429 85000
4391 49000
2702 67000
4283 83000
553 37000
861 13000
5007 84000
3017 100000
334 26000
1713 71000
3612 82000
2979 75000
2688 78000
335 91000
4251 55000
1380 38000
2528 28000
1550 78000
4639 98000
1155 12000
5618 60000
1235 100000
1157 38000
1438 30000
1028 88000
141 35000
2654 29000
1021 24000
1798 81000
178 10000
1982 23000
3481 41000
4678 71000
5936 60000
2672 56000
2073 45000
4681 49000
2753 82000
4425 78000
2483 53000
800 44000
4374 99000
203 58000
73 63000
3129 38000
325 40000
