1991 64000
1149 23000
6433 83000
5048 62000
5159 63000
3309 55000
2564 28000
201 97000
1088 18000
2244 33000
2275 70000
189 23000
434 67000
3146 65000
1804 44000
696 21000
644 50000
3195 56000
2299 74000
3212 37000
1271 35000
1197 34000
587 29000
1443 45000
1200 26000
3223 62000
6614 88000
510 54000
4862 89000
1388 42000
312 13000
3074 70000
1552 88000
8392 98000
1511 16000
82 26000
69 34000
2341 97000
7862 100000
2163 34000
894 13000
885 34000
3908 51000
1205 13000
1741 23000
71 30000
3324 51000
6885 70000
4634 47000
3965 51000
8414 91000
1675 66000
4904 96000
4752 60000
4006 79000
1394 44000
5681 78000
5603 83000
3205 59000
524 89000
2695 36000
2613 86000
600 93000
740 37000
583 24000
2284 40000
318 49000
324 45000
5286 79000
6781 73000
121 58000
363 33000
5912 96000
1462 80000
2459 44000
1278 86000
1620 57000
4887 80000
749 45000
160 28000
5621 66000
1147 74000
2632 73000
2955 65000
1326 73000
5669 59000
166 20000
2245 40000
1127 76000
758 95000
3782 84000
1688 22000
3460 53000
394 30000
837 27000
2333 40000
119 23000
778 27000
2140 79000
3267 72000
4063 61000
3308 58000
973 10000
1163 79000
1114 62000
1608 35000
306 16000
266 11000
5252 89000
8851 90000
2533 88000
2659 34000
2296 99000
1465 32000
4438 52000
1357 56000
1330 41000
1713 90000
6613 75000
4146 48000
606 30000
572 17000
2137 35000
292 53000
6151 98000
452 61000
2185 52000
2300 42000
1710 30000
7000 96000
1298 50000
3638 72000
4413 95000
