1867 30000
1332 38000
1077 72000
2095 68000
848 60000
2287 35000
5111 68000
635 100000
3558 59000
2668 38000
999 71000
2863 61000
1485 61000
2674 57000
530 18000
2636 48000
1925 81000
978 49000
2552 54000
3494 58000
65 11000
8074 98000
4541 50000
138 33000
5920 67000
5565 96000
4695 64000
1311 22000
2167 34000
316 56000
4052 60000
2453 62000
2286 27000
1877 26000
6482 65000
1042 41000
3044 52000
960 34000
1494 45000
5970 69000
1746 28000
5473 90000
5549 86000
5322 72000
3831 94000
7690 88000
1820 33000
4508 72000
2086 35000
1923 26000
921 50000
6820 74000
2900 33000
3305 59000
2986 38000
6675 89000
2749 76000
697 36000
4449 96000
5628 61000
2413 41000
1398 91000
610 22000
1690 20000
1163 76000
5086 76000
2932 70000
1751 22000
7369 100000
5941 69000
4863 84000
2384 48000
7377 79000
12 11000
5696 100000
622 63000
2244 25000
8411 85000
1076 31000
7513 85000
2249 35000
1027 14000
4321 68000
2105 86000
353 71000
1854 37000
72 36000
1625 32000
2969 39000
2739 60000
434 13000
1721 34000
2773 35000
184 40000
274 36000
7312 80000
1026 78000
1096 15000
3355 80000
3366 58000
126 14000
501 22000
1068 69000
9048 91000
7968 86000
2449 42000
226 12000
8955 97000
684 32000
223 17000
2275 40000
3700 86000
5149 95000
2345 42000
573 12000
956 14000
4537 56000
705 87000
469 42000
1372 18000
2505 45000
7727 93000
2325 72000
1924 25000
626 34000
679 27000
5656 81000
2311 24000
4183 45000
2310 26000
2351 37000
472 40000
3749 93000
5566 71000
1441 66000
2993 70000
7026 87000
1411 18000
2552 28000
787 44000
902 22000
5080 87000
7001 77000
3470 64000
1509 32000
5123 84000
956 42000
2085 65000
216 16000
2116 96000
5655 78000
3180 48000
7895 84000
