2793 30000
4709 84000
2298 29000
1843 87000
5737 84000
4945 96000
7027 84000
815 75000
5620 82000
1437 60000
3762 47000
4563 48000
2073 21000
521 16000
5276 79000
4700 49000
4708 64000
6165 66000
1157 17000
1909 35000
526 23000
1186 24000
2790 38000
994 20000
2522 64000
2375 32000
3618 92000
4711 49000
1865 35000
1438 53000
4737 58000
4727 99000
1043 14000
2882 41000
4633 64000
971 18000
3463 36000
2257 32000
1027 40000
1872 21000
3684 52000
324 23000
843 67000
5703 65000
491 94000
4223 47000
5700 85000
3755 87000
746 50000
6530 86000
6048 89000
3263 48000
3155 95000
5244 87000
2093 65000
4790 85000
2065 67000
4038 53000
4920 67000
818 28000
572 87000
529 63000
1148 12000
2937 31000
220 50000
4586 85000
570 20000
2626 88000
50 33000
3485 42000
599 52000
5922 62000
6719 88000
8290 99000
4092 99000
3627 75000
7311 80000
4858 76000
2970 54000
6929 74000
177 13000
6035 97000
865 63000
167 14000
3353 64000
5570 88000
5892 70000
914 18000
1202 17000
3970 44000
193 12000
8272 83000
2416 68000
2352 82000
5899 92000
5643 100000
1971 69000
5023 98000
1588 69000
5924 69000
1742 56000
2345 56000
2759 34000
6474 78000
1194 72000
5489 70000
2002 69000
3248 74000
2681 29000
182 12000
3069 88000
950 24000
7699 98000
614 16000
5386 95000
3256 36000
3734 62000
846 87000
345 66000
5196 55000
3200 65000
1145 36000
608 81000
589 17000
420 99000
736 25000
1424 47000
676 49000
4764 54000
6250 70000
