1301 29000
6218 76000
2011 37000
2739 31000
8157 91000
2998 98000
3930 94000
4847 50000
5857 60000
305 15000
447 19000
5320 61000
3603 67000
860 26000
1087 95000
1099 97000
3017 69000
4880 64000
767 32000
1152 51000
1350 70000
607 18000
3121 78000
3668 79000
342 25000
3766 41000
647 32000
821 34000
174 36000
7071 81000
5402 81000
409 25000
5391 85000
7313 85000
1966 25000
5361 78000
709 83000
1124 46000
925 16000
3068 66000
1000 44000
2130 31000
118 14000
1506 41000
896 77000
4859 77000
2876 40000
2361 35000
5652 73000
576 62000
3194 57000
4294 63000
397 65000
203 71000
1207 27000
2503 48000
2576 46000
8540 100000
2418 75000
8648 92000
2764 31000
1666 42000
385 36000
6360 75000
5447 78000
513 41000
7033 77000
1849 38000
476 38000
1599 62000
73 22000
4059 77000
5540 69000
2022 34000
1833 22000
1017 30000
247 73000
5235 57000
5962 78000
33 16000
1226 14000
2367 40000
1003 11000
869 49000
4869 73000
3539 84000
4335 47000
3308 54000
3050 58000
5883 98000
1851 43000
1227 51000
1898 69000
1224 52000
1448 15000
2382 35000
1044 26000
8572 91000
1297 14000
4221 69000
968 13000
2109 36000
744 80000
4154 48000
4314 96000
3989 83000
3490 97000
6773 75000
2125 95000
896 27000
360 18000
6317 81000
706 27000
8468 96000
1668 25000
4841 59000
2540 73000
5963 99000
