1449 91000
1767 59000
6325 73000
638 20000
2177 45000
4831 92000
2326 81000
46 21000
5438 68000
2716 38000
3488 67000
2002 75000
2820 33000
1058 79000
3408 64000
3021 68000
461 42000
821 76000
7460 89000
3108 37000
116 38000
1474 25000
3408 46000
4483 50000
195 20000
6333 79000
2223 48000
2487 40000
1287 37000
1102 49000
2292 31000
3127 41000
1099 12000
3805 55000
2344 97000
2525 68000
3775 88000
6014 79000
407 74000
6558 87000
4539 59000
1354 18000
91 10000
144 68000
489 20000
2895 98000
766 19000
3220 41000
485 31000
638 12000
3061 82000
1542 24000
3249 74000
393 33000
2371 35000
2098 45000
3862 47000
2869 38000
681 14000
5100 91000
6805 99000
1714 66000
