6013 100000
5411 82000
7825 95000
3164 41000
2396 98000
5846 75000
4120 44000
1161 13000
1225 42000
4991 83000
267 24000
5210 54000
4430 52000
4106 76000
6695 81000
1051 13000
4274 67000
2005 32000
2946 46000
2332 39000
1411 20000
4935 51000
4648 66000
627 98000
3719 66000
2131 92000
1948 36000
268 84000
927 12000
1871 31000
4991 78000
276 20000
1232 46000
266 10000
3577 73000
6155 84000
1132 45000
979 33000
731 31000
640 94000
4014 96000
3368 91000
4592 74000
1065 45000
949 12000
408 79000
1975 40000
179 17000
4980 78000
822 31000
1992 48000
1223 33000
5743 60000
2825 29000
1641 29000
5983 65000
965 28000
1867 31000
143 23000
7916 94000
325 13000
2535 81000
5079 79000
4817 73000
1403 48000
3345 40000
5744 68000
2802 72000
3636 37000
480 59000
3963 56000
1238 17000
3471 100000
4807 54000
4798 55000
2216 50000
4392 68000
6525 67000
2928 45000
3192 76000
6863 95000
3980 85000
1045 57000
5684 87000
1435 34000
1254 88000
2501 50000
1982 25000
2879 45000
1989 89000
881 26000
1271 52000
1019 33000
5562 81000
2464 59000
1059 16000
2803 32000
2407 58000
1861 81000
2061 35000
3646 90000
1270 86000
8880 98000
478 14000
791 42000
4336 61000
1557 29000
2913 92000
5699 78000
4560 80000
1604 18000
1547 18000
2685 39000
3203 34000
771 12000
8584 98000
6008 85000
1156 58000
4996 77000
2877 54000
9186 92000
1884 99000
786 67000
2991 38000
693 12000
6236 83000
5708 64000
4656 69000
7111 72000
866 19000
962 61000
842 26000
5307 63000
871 93000
1536 74000
6438 77000
3940 74000
881 10000
3316 79000
523 17000
984 84000
926 10000
318 36000
3246 75000
5742 93000
2282 48000
3170 70000
4699 67000
