1965 78000
1888 20000
5026 93000
1138 32000
1834 42000
7177 85000
2306 29000
4826 57000
4477 51000
1482 38000
3028 39000
2567 33000
294 20000
2661 30000
2171 80000
2421 33000
1096 24000
6588 78000
3011 71000
6502 79000
1947 20000
6011 97000
5623 72000
505 29000
903 13000
665 10000
1677 53000
3716 72000
3314 48000
1121 12000
1320 19000
3417 46000
3806 42000
186 39000
542 96000
1067 18000
1963 46000
6699 89000
604 10000
276 58000
852 30000
827 40000
122 76000
3528 58000
2726 54000
1825 57000
5988 77000
4703 91000
1887 21000
6718 89000
4590 84000
5235 55000
410 94000
1435 35000
2181 28000
2276 49000
207 31000
1678 52000
8521 98000
1876 52000
2731 41000
2738 49000
1330 53000
6251 93000
4900 79000
2380 87000
186 14000
923 11000
4043 48000
217 86000
85 53000
5663 68000
474 76000
740 22000
847 97000
569 13000
1786 29000
370 77000
2066 29000
6052 62000
1344 25000
2696 39000
848 22000
1295 71000
4956 64000
2786 42000
1815 39000
815 30000
635 10000
136 37000
3133 68000
1795 28000
1996 27000
2344 94000
7756 94000
6035 95000
8048 97000
1406 53000
784 48000
1544 61000
103 90000
2629 33000
3631 80000
1082 99000
2461 84000
1538 43000
7983 94000
605 21000
2266 38000
4028 90000
7057 87000
4184 99000
4051 42000
1076 54000
3972 40000
6893 69000
6477 76000
1593 59000
1193 46000
2434 27000
3042 91000
1623 18000
8225 97000
2055 26000
3559 96000
4463 48000
6865 97000
2859 44000
48 25000
3779 43000
349 11000
3395 37000
4211 71000
5987 71000
565 23000
2130 25000
2837 49000
1000 42000
307 69000
4057 62000
49 43000
1137 13000
6316 79000
5202 59000
1219 29000
7957 80000
293 57000
434 57000
368 58000
390 33000
436 65000
2999 76000
4700 81000
