910 15000
884 53000
290 30000
384 18000
1239 13000
487 94000
5087 98000
4475 89000
364 16000
1769 51000
6448 70000
7867 84000
1092 12000
6632 73000
444 14000
1988 30000
116 37000
6384 71000
2643 75000
7788 91000
7889 95000
5646 81000
259 12000
4544 48000
1293 15000
1953 68000
3025 53000
699 19000
4147 83000
1010 12000
9022 100000
6197 98000
1821 81000
2222 31000
2912 39000
5327 78000
4910 76000
3043 39000
1410 25000
6946 99000
1552 96000
1927 36000
6044 88000
493 10000
1928 71000
7971 84000
5056 52000
2396 42000
686 13000
31 22000
3312 65000
8571 91000
904 53000
