4535 87000
1811 20000
5643 89000
5067 52000
1310 15000
2927 33000
2846 55000
4317 46000
1915 32000
5214 77000
1412 26000
2541 71000
6003 83000
354 93000
8722 98000
5856 70000
3071 40000
1058 28000
901 86000
2289 38000
4482 75000
4134 42000
3526 56000
138 14000
5560 81000
1054 24000
178 10000
5551 98000
783 32000
4998 99000
4268 44000
6185 86000
2199 24000
2416 91000
2351 26000
3322 60000
896 49000
2227 57000
2505 51000
1654 65000
2580 35000
4790 54000
5688 86000
2042 74000
3355 80000
1611 89000
856 15000
910 26000
2813 48000
7309 84000
4997 89000
5048 76000
2046 21000
3287 67000
3133 96000
5179 55000
6589 88000
4239 68000
1262 31000
7734 88000
1906 46000
3221 48000
2633 59000
804 12000
2445 49000
7970 91000
3761 56000
3168 82000
7114 94000
126 12000
506 24000
3566 64000
1336 18000
878 73000
1410 29000
4111 46000
390 20000
1935 89000
823 24000
7386 86000
942 73000
440 92000
2244 56000
781 29000
1389 52000
311 32000
3499 67000
405 19000
1887 35000
1931 58000
1860 65000
3799 55000
5112 83000
1061 48000
928 65000
1189 27000
5684 95000
1431 17000
2812 29000
3500 50000
3037 41000
104 13000
312 14000
2129 22000
4209 98000
2028 41000
3954 81000
3545 91000
784 65000
709 61000
889 13000
16 10000
1452 36000
1104 25000
714 58000
842 39000
378 32000
