8862 90000
4317 66000
1952 29000
978 21000
1062 46000
4314 46000
4056 73000
2489 39000
6223 70000
1139 14000
2697 81000
299 27000
4983 89000
3516 38000
1889 41000
633 25000
9604 97000
830 49000
118 17000
471 87000
441 74000
4441 71000
730 20000
6354 86000
1706 76000
5536 66000
2889 43000
7140 82000
1735 38000
4813 83000
7850 83000
4616 76000
1496 67000
793 16000
235 20000
1107 20000
2933 30000
3206 54000
6483 99000
247 14000
140 31000
6171 80000
716 39000
2684 38000
885 13000
900 38000
436 14000
320 10000
1247 39000
2945 43000
1020 23000
2646 94000
417 19000
1787 24000
1185 21000
4100 76000
1407 46000
3690 79000
1518 77000
4319 80000
2250 43000
8187 100000
1819 34000
2013 53000
1044 83000
1968 20000
1245 94000
1430 93000
164 14000
3111 68000
4105 66000
2400 69000
4247 61000
2353 26000
2762 45000
520 62000
2702 38000
1412 26000
3412 45000
623 49000
704 84000
425 14000
228 94000
2303 33000
1659 20000
4396 64000
1931 55000
3731 42000
6729 83000
1753 50000
4122 67000
7602 87000
1948 46000
962 86000
2257 57000
415 52000
871 39000
680 10000
223 58000
1163 57000
414 31000
8601 99000
3457 50000
2728 32000
4604 54000
5010 84000
2303 52000
1569 20000
1392 18000
266 21000
3645 68000
1012 19000
7111 76000
1111 47000
5127 60000
4465 53000
4754 83000
758 20000
1624 65000
1575 49000
