1575 50000
1821 29000
770 42000
3648 62000
1645 17000
219 13000
5394 99000
3534 41000
2450 28000
2434 66000
823 62000
2930 58000
4810 59000
626 10000
5295 97000
6212 75000
3838 78000
714 86000
4208 46000
85 22000
557 10000
6934 84000
1479 43000
2691 84000
1587 34000
52 50000
1990 28000
4858 57000
6242 85000
118 11000
865 76000
2527 52000
7453 80000
6217 96000
3051 90000
217 13000
311 61000
6498 97000
5499 58000
1194 31000
1956 92000
7602 79000
2420 37000
108 86000
5920 95000
896 83000
236 36000
239 50000
565 11000
135 27000
2321 25000
3388 37000
1478 59000
5730 74000
2726 29000
925 95000
74 12000
661 44000
640 15000
2239 45000
312 97000
8012 94000
7182 76000
2748 48000
3018 34000
137 96000
846 29000
3698 77000
1478 27000
7352 97000
4968 89000
1554 38000
1445 45000
393 12000
174 52000
1032 21000
1762 27000
4769 91000
41 11000
905 45000
6521 99000
299 67000
2898 96000
5743 64000
171 10000
7952 94000
1243 21000
1432 46000
4326 52000
424 25000
2312 50000
937 58000
7179 84000
515 16000
1416 22000
1140 25000
5801 65000
2851 57000
6364 77000
9246 98000
341 71000
2158 67000
2998 48000
6620 88000
3741 92000
2463 83000
703 18000
1747 32000
878 14000
2815 57000
365 44000
434 90000
4279 48000
5224 72000
2475 58000
1801 39000
2337 26000
630 30000
2185 72000
3132 71000
2388 35000
2150 97000
3752 94000
285 15000
5484 66000
829 88000
1236 39000
