1053 46000
9251 95000
1632 59000
254 42000
676 10000
7715 82000
1040 13000
1773 37000
5050 89000
1503 36000
1596 51000
3327 86000
585 41000
3686 43000
7998 81000
2037 32000
2563 44000
850 17000
3327 44000
1066 48000
1036 30000
5279 53000
660 81000
9424 96000
1487 50000
1955 47000
502 76000
735 13000
635 41000
6971 82000
2514 48000
548 14000
1845 32000
904 47000
396 34000
1568 56000
8956 97000
5745 84000
653 49000
4192 65000
4352 55000
205 98000
1478 73000
1535 52000
1685 56000
193 33000
1540 75000
3003 44000
1430 15000
1001 32000
7011 80000
3641 85000
1856 61000
3123 80000
1250 75000
677 67000
645 16000
2641 89000
1349 39000
3155 57000
438 37000
3105 38000
1018 61000
3503 99000
1631 47000
2409 50000
