2089 75000
4338 52000
3567 42000
6720 100000
184 32000
1434 55000
1211 55000
1186 57000
269 14000
1628 24000
1644 66000
3520 97000
5605 78000
1445 98000
6004 70000
2242 67000
1541 36000
2360 67000
2374 65000
396 14000
7465 92000
4440 54000
1054 56000
1048 29000
7741 85000
2457 64000
153 50000
1791 75000
87 41000
3352 39000
1064 13000
2022 37000
7283 95000
3805 96000
5010 75000
2628 41000
3126 33000
3020 80000
1160 32000
1747 28000
1390 27000
8305 85000
1086 62000
2022 45000
3221 69000
1556 29000
514 19000
911 35000
7903 97000
1091 42000
2775 60000
584 27000
7080 90000
1000 32000
7008 87000
585 50000
1335 35000
278 17000
3067 64000
5163 68000
91 58000
8850 92000
4446 97000
3159 51000
4041 67000
535 13000
2033 94000
211 37000
5278 79000
1738 18000
1559 100000
1214 71000
4417 61000
2442 31000
4967 53000
2918 70000
1387 68000
5709 80000
6775 68000
510 13000
3287 37000
2075 69000
