1324 33000
762 27000
728 45000
3297 94000
1073 82000
219 15000
2775 71000
4449 77000
703 13000
326 21000
2530 34000
473 33000
3885 52000
2230 100000
2124 51000
491 14000
6079 93000
1759 50000
2435 86000
3352 85000
4446 49000
676 16000
653 18000
3099 33000
110 22000
1296 57000
2619 85000
1557 24000
1163 24000
5925 82000
3206 39000
3647 71000
5513 64000
1328 14000
206 17000
3834 91000
398 90000
3278 39000
199 26000
2257 74000
2624 30000
1121 22000
932 27000
1379 76000
1754 19000
2240 92000
1470 75000
2125 43000
7143 85000
4668 52000
275 11000
1588 76000
585 22000
459 15000
2927 34000
7742 87000
244 62000
9450 95000
3118 86000
1019 14000
2035 22000
4067 49000
3131 91000
103 63000
