477 77000
2529 82000
1808 88000
1853 52000
3258 78000
1403 17000
3692 58000
5873 72000
5340 65000
2029 80000
4657 55000
3897 75000
5531 58000
914 81000
1579 30000
337 19000
836 34000
4001 97000
2361 82000
2502 79000
719 38000
502 12000
349 10000
5351 77000
6229 96000
4429 79000
4368 60000
3271 79000
1089 24000
5942 82000
795 51000
1759 62000
1855 35000
889 10000
1361 31000
1947 27000
1345 53000
460 24000
8531 87000
4071 79000
1117 57000
1585 19000
1572 33000
6258 64000
4489 90000
1599 49000
867 15000
1643 78000
3099 40000
1978 38000
269 20000
3994 64000
806 90000
7795 93000
8443 89000
2043 100000
3717 77000
3452 37000
3829 53000
3725 71000
7457 94000
2233 64000
3680 49000
516 53000
379 13000
705 50000
2202 51000
84 14000
130 23000
4776 86000
7383 96000
2228 78000
443 34000
269 34000
8121 96000
3125 53000
5038 78000
1136 17000
4384 51000
3716 69000
1098 30000
2453 74000
1214 54000
