5386 56000
2419 39000
4282 89000
5666 91000
1599 82000
8090 91000
229 10000
3816 65000
2399 35000
1754 98000
2855 39000
4428 81000
3159 81000
301 16000
1516 27000
5713 84000
647 20000
5040 68000
3652 40000
1649 19000
6730 85000
2198 45000
6732 100000
39 10000
9212 95000
5405 68000
733 16000
5700 80000
669 44000
2831 81000
988 30000
1354 84000
7665 78000
1935 30000
993 26000
473 55000
1792 72000
6702 100000
3383 48000
669 43000
2028 76000
729 18000
3424 60000
382 41000
1153 28000
1899 24000
855 68000
4376 64000
750 13000
824 71000
4978 62000
903 17000
113 19000
2150 74000
1702 19000
580 15000
5611 94000
4118 92000
235 44000
5258 79000
1236 25000
3429 75000
5896 65000
981 15000
5362 54000
1481 69000
842 82000
2599 83000
4702 83000
2502 73000
3489 68000
4470 49000
2077 38000
928 10000
1657 45000
2811 87000
1974 89000
157 52000
8811 99000
731 28000
