7763 90000
7229 97000
1726 92000
5250 58000
887 49000
2109 66000
976 32000
7039 98000
6584 98000
2944 91000
3594 42000
4137 62000
2199 35000
3628 61000
7061 98000
65 12000
1080 16000
3074 70000
4155 70000
920 19000
3612 90000
2257 25000
7881 92000
2399 60000
6754 77000
5822 85000
7187 75000
692 10000
1463 32000
215 32000
3279 38000
864 44000
8188 90000
3229 89000
6673 73000
2248 83000
889 85000
6599 97000
760 12000
2568 87000
2446 25000
2421 46000
1855 28000
1408 17000
3423 70000
1289 85000
2635 61000
5698 82000
515 21000
491 65000
3017 42000
907 39000
2601 74000
2511 81000
1174 31000
2429 57000
2714 53000
431 93000
4895 73000
1251 95000
3063 99000
1778 86000
2265 33000
3878 40000
7503 82000
745 71000
221 26000
4390 78000
911 22000
2898 100000
548 43000
1376 19000
745 32000
4308 76000
1559 16000
598 15000
299 22000
1739 60000
5590 82000
417 73000
2010 36000
1744 33000
5576 71000
3008 47000
3017 81000
2913 43000
1224 64000
5838 60000
1474 73000
2597 78000
812 17000
3674 66000
3916 80000
1175 34000
1524 51000
9545 96000
922 16000
3934 42000
2451 76000
2551 40000
3731 92000
4830 72000
2538 58000
5121 65000
638 17000
5083 92000
1173 20000
785 11000
1737 23000
6304 74000
7111 96000
987 15000
4076 42000
4214 64000
3605 44000
7285 78000
4542 57000
1909 23000
892 10000
5184 55000
363 41000
2395 44000
898 26000
438 48000
1588 59000
2871 51000
2308 42000
740 40000
5222 64000
2506 61000
260 57000
2869 58000
7091 78000
1565 18000
1763 25000
2944 54000
8209 83000
5045 74000
1245 67000
1130 47000
1659 65000
1185 19000
2232 39000
1164 98000
1852 78000
1515 97000
28 28000
2749 83000
5732 73000
927 98000
1912 68000
9293 97000
5100 98000
1926 98000
