76 68000
1190 29000
2439 59000
3530 79000
37 19000
5888 82000
4706 99000
4562 89000
122 60000
998 90000
1448 45000
1767 81000
4812 74000
721 45000
640 18000
4590 62000
2767 43000
2454 27000
2021 47000
2775 95000
159 16000
2127 58000
2417 91000
2377 46000
2767 34000
1252 28000
7800 100000
3928 76000
1731 81000
892 15000
870 49000
3193 51000
2083 72000
1045 15000
4954 83000
29 16000
145 17000
4020 44000
489 23000
2124 30000
104 77000
3863 94000
4140 50000
4176 88000
5819 89000
689 11000
1945 21000
1902 97000
5268 72000
2098 62000
937 19000
2385 25000
4913 78000
2142 25000
333 13000
1205 13000
3270 47000
1541 20000
2759 34000
910 66000
4418 56000
5936 99000
920 14000
622 45000
707 13000
2782 70000
1371 58000
5460 76000
2741 43000
3742 40000
2948 54000
1404 29000
1250 16000
3948 97000
1609 24000
5097 79000
1030 13000
1915 21000
2256 40000
44 30000
