2379 71000
1199 69000
6837 95000
1003 62000
1387 17000
6720 82000
1383 58000
750 24000
304 30000
4348 49000
1673 52000
2154 40000
5568 71000
1230 90000
7054 73000
3946 52000
314 10000
232 61000
1565 46000
6478 83000
497 100000
1104 43000
89 10000
3750 57000
306 50000
3252 52000
885 23000
1668 42000
639 50000
5169 85000
3494 85000
3377 87000
3650 71000
1827 34000
55 20000
2591 26000
5015 69000
1708 86000
3495 65000
749 56000
4762 63000
4668 61000
8587 96000
2332 67000
1777 26000
2909 87000
6438 79000
1024 27000
4015 47000
1820 99000
85 20000
51 37000
6190 79000
3014 42000
1687 49000
2951 31000
3345 70000
7005 80000
1167 43000
1868 59000
2819 36000
1907 48000
3234 90000
622 57000
1864 56000
1729 28000
2302 63000
425 14000
4781 64000
837 72000
1629 18000
313 79000
965 14000
6448 76000
4315 96000
4419 66000
1331 34000
6554 81000
930 73000
2639 27000
3420 60000
1573 33000
3487 63000
3138 39000
4372 46000
792 21000
1553 28000
8521 92000
4978 58000
1172 48000
1407 32000
174 11000
5560 76000
1833 54000
267 55000
3302 82000
1064 47000
3359 41000
5547 56000
4064 55000
7243 85000
278 14000
179 13000
814 11000
1016 22000
4728 56000
1575 23000
4276 71000
1640 48000
1501 21000
1135 74000
2124 66000
2040 56000
7313 90000
5039 64000
706 18000
3431 45000
2887 60000
2190 27000
898 44000
