339 40000
569 21000
2021 66000
1126 75000
7176 90000
780 28000
5245 73000
1724 36000
4587 87000
2496 68000
333 20000
321 62000
2727 65000
429 31000
1396 14000
631 28000
671 12000
2081 63000
4015 63000
411 91000
2366 93000
285 75000
2701 53000
5321 73000
5236 67000
359 14000
1997 45000
2570 36000
4674 72000
3263 96000
991 20000
6068 100000
771 29000
966 38000
1610 46000
5763 79000
2644 44000
1415 85000
1440 34000
600 15000
3449 56000
6032 80000
2365 24000
488 49000
1230 55000
1533 32000
3544 57000
6295 86000
987 30000
944 11000
949 44000
1613 66000
1259 17000
798 56000
718 17000
2391 40000
6400 81000
7423 86000
4051 54000
5403 90000
916 12000
1525 34000
5255 88000
895 60000
1106 36000
2014 99000
2513 76000
2885 34000
1784 52000
3139 40000
6074 64000
4130 63000
487 29000
6738 93000
2939 69000
4467 81000
3081 31000
4865 69000
452 19000
7179 74000
1863 37000
7529 83000
1088 13000
524 74000
1449 16000
5213 54000
861 84000
1441 25000
3360 97000
470 24000
3118 99000
1550 89000
5522 91000
2672 46000
2415 66000
117 23000
6798 74000
736 28000
4970 55000
4538 62000
401 21000
996 49000
3848 76000
4460 56000
7064 74000
2872 77000
906 28000
2220 53000
1570 47000
303 37000
166 43000
595 12000
4421 95000
5209 74000
2962 36000
4373 73000
876 17000
812 67000
2250 28000
1673 17000
792 81000
1962 73000
2735 89000
3870 59000
523 14000
2481 89000
1378 71000
3591 54000
4393 52000
3958 44000
3240 62000
5524 62000
1339 26000
851 11000
7268 82000
7012 71000
1980 24000
1141 16000
1400 47000
183 11000
