2981 76000
1224 27000
1087 45000
7410 86000
3267 37000
5463 90000
5146 74000
769 46000
5564 83000
8872 94000
2051 39000
1145 14000
1970 66000
6810 87000
1956 20000
1525 28000
363 51000
4299 87000
2616 80000
3232 37000
3347 81000
1204 37000
611 10000
2884 74000
824 16000
3643 60000
8992 91000
2576 31000
3603 56000
1600 39000
945 23000
2315 46000
1750 82000
5086 92000
3145 54000
6739 71000
584 33000
5530 99000
6073 93000
5070 91000
951 52000
1310 78000
7951 87000
3667 57000
7713 82000
1626 69000
861 20000
5672 71000
5628 67000
967 29000
1454 34000
4256 78000
196 52000
1373 56000
4368 89000
2641 50000
3989 67000
306 10000
6156 79000
6040 62000
2351 72000
904 77000
705 37000
4806 65000
2417 46000
3946 51000
1269 91000
3773 68000
3320 40000
6564 70000
1476 15000
3450 59000
3224 90000
