2062 66000
2888 35000
3543 74000
1063 100000
1301 16000
1260 34000
903 10000
5035 67000
260 17000
2217 89000
1068 17000
3339 75000
831 41000
936 16000
515 88000
571 48000
863 88000
4407 86000
2944 79000
6140 100000
3643 62000
43 20000
465 15000
2360 88000
1038 14000
311 52000
914 53000
1160 50000
242 30000
324 92000
4806 78000
2845 78000
402 83000
4215 58000
2750 93000
1481 40000
4521 51000
849 62000
6427 70000
5618 67000
396 57000
3386 67000
457 89000
2902 74000
1216 17000
879 11000
4500 88000
1680 49000
2637 34000
7369 77000
1437 19000
972 11000
2923 76000
995 14000
3752 56000
2152 26000
5726 82000
1642 32000
400 13000
711 12000
423 18000
2955 57000
6355 99000
400 64000
720 10000
3569 50000
3313 78000
534 72000
1619 25000
1323 34000
444 89000
4767 94000
3557 74000
4087 46000
1038 54000
615 39000
6405 91000
4195 65000
6760 89000
1113 16000
5500 92000
3007 79000
123 36000
1465 29000
3249 35000
299 11000
