2331 35000
2794 92000
1572 36000
1762 23000
5191 66000
1589 34000
671 12000
1637 19000
1039 24000
824 43000
3940 41000
2193 42000
3246 51000
426 21000
229 51000
2160 82000
622 60000
2434 92000
3546 67000
1956 29000
2253 44000
6226 81000
613 11000
4415 84000
974 46000
1130 17000
4981 64000
499 77000
7778 87000
587 80000
2997 76000
996 77000
7980 81000
1990 38000
551 10000
1229 22000
4527 55000
4001 84000
1492 99000
3170 51000
1170 16000
376 46000
764 96000
419 19000
2938 51000
3624 67000
3349 95000
2165 93000
2690 43000
3441 63000
2518 97000
937 10000
5507 63000
669 34000
3161 94000
2784 40000
3330 34000
2714 83000
5199 60000
642 10000
272 29000
225 80000
4665 87000
734 53000
764 65000
1079 38000
1639 57000
1075 11000
2508 77000
4124 100000
1314 84000
6117 76000
5349 94000
2488 46000
3813 63000
6562 84000
545 19000
2214 81000
4237 55000
376 18000
7959 92000
2424 57000
894 19000
