903 14000
5807 95000
548 15000
1759 24000
1788 90000
7838 89000
4293 43000
3040 40000
2372 86000
4921 70000
3876 85000
760 40000
863 18000
829 13000
4501 58000
3253 58000
1621 20000
6376 74000
3096 82000
3931 50000
5059 51000
753 53000
3959 71000
2572 90000
3845 70000
4520 63000
9033 100000
365 12000
1081 87000
2644 100000
1908 41000
3245 97000
687 21000
110 15000
2292 68000
2817 74000
586 28000
449 11000
5363 63000
457 33000
4657 79000
723 72000
2299 44000
1313 15000
1186 24000
485 47000
2527 30000
6519 69000
179 18000
1716 42000
4932 50000
2233 84000
7458 100000
1364 44000
697 90000
5670 80000
3200 73000
3035 33000
5082 52000
6724 95000
3017 97000
1188 46000
2603 49000
2139 63000
3994 63000
397 23000
752 21000
2772 28000
2959 65000
426 49000
1935 81000
526 11000
3161 48000
7889 93000
3490 78000
2538 81000
306 40000
722 22000
3609 43000
1002 79000
1754 24000
390 17000
2677 90000
395 58000
723 63000
1009 23000
1956 42000
4399 46000
2150 25000
344 34000
908 76000
1271 86000
2435 31000
988 12000
2628 78000
809 26000
1975 80000
4821 94000
94 45000
2824 37000
306 93000
2676 92000
4474 89000
412 11000
7043 77000
1577 20000
511 74000
3357 52000
4846 84000
4448 85000
4104 68000
2352 55000
691 18000
502 10000
461 84000
3260 51000
317 76000
3225 36000
921 33000
493 18000
2546 84000
2069 28000
240 45000
4956 54000
4386 75000
583 14000
2416 38000
5065 58000
3011 81000
86 39000
2146 24000
990 12000
2241 95000
4382 67000
2924 30000
1761 31000
3527 42000
838 52000
3346 34000
1707 38000
3318 57000
5651 83000
