976 15000
111 68000
4725 95000
1691 28000
4346 70000
529 21000
6675 93000
307 11000
976 24000
4329 54000
4589 80000
3290 65000
367 40000
1696 73000
4755 52000
2365 47000
6381 64000
998 30000
3789 60000
5079 90000
38 11000
7011 75000
1633 32000
2441 44000
1056 67000
2004 94000
1436 18000
586 45000
1856 23000
6324 95000
7005 89000
292 72000
5777 98000
1925 66000
3597 60000
4191 49000
7373 89000
4633 91000
1047 37000
131 22000
4998 83000
4479 70000
2180 61000
4587 73000
3034 71000
926 28000
9042 93000
2822 73000
1359 59000
8525 90000
3268 61000
2000 37000
7857 93000
2720 74000
1031 36000
700 56000
64 48000
882 18000
2157 25000
668 17000
5180 62000
1254 58000
2031 100000
3906 89000
4234 68000
1178 64000
532 63000
1629 18000
2166 62000
4559 73000
7131 78000
3603 73000
4143 97000
4299 68000
4068 77000
4074 60000
5373 88000
5620 65000
438 16000
1347 45000
3332 35000
2993 75000
3146 96000
3798 78000
326 10000
3751 46000
2127 64000
4704 62000
3812 99000
4335 58000
5498 74000
6682 80000
6629 85000
4762 62000
2678 86000
1790 51000
2848 92000
2414 71000
3213 64000
4012 76000
190 25000
5801 90000
711 44000
6530 85000
4612 91000
492 21000
5407 79000
431 31000
5862 76000
640 23000
6150 81000
7038 85000
9404 97000
2360 32000
4843 68000
393 20000
1491 59000
1488 55000
