1739 77000
5960 64000
1241 58000
4002 78000
929 74000
4769 79000
624 57000
2688 33000
4920 69000
3438 49000
3504 69000
1060 82000
787 72000
2382 26000
2528 70000
1852 22000
2859 79000
2165 56000
700 44000
1022 22000
2890 78000
7380 77000
220 42000
3798 83000
4402 82000
6024 76000
4723 71000
894 17000
2207 33000
106 25000
4691 94000
3126 61000
3252 91000
622 77000
2876 85000
411 26000
1963 84000
6055 61000
5696 79000
1647 57000
1502 27000
7127 95000
5597 63000
2613 60000
6739 72000
1373 14000
5757 95000
1940 33000
267 12000
2726 66000
3562 61000
4716 100000
1984 37000
596 64000
3487 88000
1193 75000
231 72000
4309 44000
4596 88000
6675 90000
789 29000
2493 59000
2850 71000
7102 97000
611 24000
741 42000
1816 30000
5995 74000
3328 57000
7177 76000
4021 92000
111 72000
1701 44000
1750 44000
1211 13000
1547 47000
2225 24000
994 86000
904 88000
171 24000
1990 33000
1632 17000
1091 43000
228 24000
3311 56000
4633 47000
3359 55000
2850 37000
3957 43000
1504 38000
1787 26000
2092 60000
863 55000
263 22000
2472 41000
2965 48000
2569 76000
380 18000
878 43000
5988 61000
1775 79000
2910 56000
2463 49000
2400 67000
7147 84000
5983 77000
403 10000
222 17000
578 20000
1146 95000
355 19000
5375 59000
7045 78000
424 26000
2681 39000
1530 41000
7343 100000
6686 67000
5711 86000
5471 60000
1997 29000
1508 28000
87 44000
793 11000
1119 14000
810 74000
2560 67000
178 74000
1286 89000
5182 52000
1024 22000
4051 57000
16 10000
2779 80000
1592 76000
1122 12000
5627 64000
9637 100000
2814 47000
3022 62000
2885 68000
4705 96000
323 21000
84 17000
2273 44000
677 32000
8064 90000
6837 94000
978 10000
5023 59000
3739 89000
1288 23000
2028 62000
1297 18000
1586 23000
971 27000
7130 73000
6130 62000
2055 99000
