1699 17000
6110 84000
1018 52000
2294 44000
942 92000
1684 39000
1085 29000
1718 20000
504 20000
3486 68000
1658 51000
4406 61000
502 87000
3194 63000
4918 78000
3768 90000
1252 16000
2513 62000
205 20000
4609 71000
3656 92000
819 37000
5033 78000
2962 100000
140 19000
4248 59000
2324 89000
1824 34000
439 63000
1302 15000
1644 32000
152 54000
1127 24000
4301 51000
1020 22000
1798 18000
492 42000
1818 92000
2837 52000
904 25000
476 35000
897 69000
2596 45000
513 16000
1215 27000
5428 64000
2621 43000
6729 91000
2782 74000
2451 34000
315 22000
642 18000
2191 30000
1228 16000
747 28000
5127 70000
4182 93000
1123 91000
594 28000
563 77000
3129 85000
3401 38000
4382 78000
2724 88000
423 19000
1873 71000
6792 88000
3347 82000
4836 94000
753 45000
1617 87000
2376 30000
5460 64000
1302 45000
199 90000
894 18000
4185 63000
1228 16000
8221 84000
2691 88000
2035 22000
6118 77000
5384 84000
4313 76000
2006 53000
63 35000
7565 79000
955 31000
1377 19000
1769 91000
1867 52000
5021 56000
5504 74000
3108 56000
2528 94000
8400 98000
1421 61000
2093 23000
4108 95000
3542 89000
4674 65000
3081 50000
298 22000
4143 80000
5253 59000
9451 100000
488 12000
972 10000
930 33000
5636 94000
4917 100000
5346 79000
2794 72000
1044 30000
575 27000
6694 78000
4138 77000
5816 83000
2540 42000
6070 76000
1193 78000
1149 65000
