51 18000
2762 68000
6588 74000
5143 63000
2531 45000
8198 99000
3377 57000
1501 62000
674 21000
2201 72000
797 51000
1469 48000
6985 70000
1534 55000
5895 69000
50 26000
4938 81000
7601 88000
1719 23000
1186 30000
321 28000
4738 85000
971 61000
5877 78000
4340 90000
596 62000
7468 96000
1227 17000
745 88000
5440 69000
1420 41000
1541 55000
232 82000
973 47000
816 27000
4956 73000
604 16000
2258 58000
4329 75000
1746 35000
448 18000
4386 80000
961 15000
5417 99000
467 12000
3223 92000
483 41000
3342 74000
5350 56000
2212 39000
1372 57000
3621 60000
1503 94000
1186 24000
2042 46000
1093 61000
797 30000
600 57000
727 46000
588 31000
2183 25000
8307 100000
2295 75000
5154 52000
3221 93000
1465 23000
853 39000
467 13000
5862 76000
899 16000
5981 66000
3781 67000
1344 21000
7278 85000
2065 44000
248 15000
6862 73000
2735 65000
4009 50000
4693 50000
1470 39000
1408 25000
3367 93000
