861 50000
652 45000
48 29000
414 92000
1010 22000
686 19000
2334 72000
943 28000
147 31000
4172 61000
1019 49000
2135 83000
346 29000
1164 13000
8732 100000
2889 61000
234 96000
1410 46000
770 24000
3814 74000
3170 35000
3036 45000
1495 28000
7311 81000
687 79000
8614 96000
843 23000
8591 98000
921 89000
4042 49000
552 27000
1257 20000
5180 97000
4599 63000
8454 97000
2335 49000
152 19000
2369 33000
2829 88000
8021 81000
906 36000
3463 71000
615 17000
1446 21000
3610 51000
303 26000
4806 87000
1066 20000
1683 77000
4167 87000
361 22000
1030 11000
914 35000
2134 94000
519 25000
569 10000
794 49000
385 47000
334 47000
443 19000
3021 53000
2579 35000
6618 100000
3544 86000
5995 64000
869 20000
2386 27000
947 44000
4295 73000
1087 17000
1611 44000
2378 29000
2751 83000
1200 65000
1071 23000
855 24000
5086 71000
2686 41000
2043 23000
2800 54000
5262 97000
1305 27000
4176 59000
6462 74000
932 55000
4907 55000
5206 55000
6765 88000
261 80000
229 37000
72 12000
5831 75000
3677 50000
769 18000
5371 92000
1640 24000
648 30000
3122 37000
1754 20000
2584 34000
4881 76000
4689 50000
107 18000
1446 17000
638 81000
3574 71000
2346 25000
331 13000
479 19000
7444 85000
1050 16000
484 66000
80 33000
2297 93000
3451 39000
6260 73000
6399 68000
2923 89000
5445 80000
1233 50000
5582 56000
2241 100000
