559 93000
1102 90000
2686 75000
2427 70000
2331 55000
3794 55000
2556 32000
1674 44000
426 30000
4832 68000
8884 97000
1633 38000
1502 69000
4499 79000
2277 67000
1107 57000
1308 80000
2582 71000
2017 71000
407 35000
966 12000
2893 39000
1454 68000
546 82000
1991 33000
4909 73000
2812 33000
1646 22000
5514 78000
255 33000
6789 75000
5432 67000
1606 23000
383 18000
2903 50000
1627 20000
248 38000
1968 52000
4786 78000
694 38000
592 23000
2500 80000
1469 16000
1121 16000
1540 28000
1592 23000
1126 31000
5480 93000
6967 85000
278 33000
6134 79000
3778 80000
3862 76000
663 13000
368 10000
2895 39000
2674 29000
3653 82000
424 48000
3618 57000
2826 31000
4992 74000
746 66000
3667 50000
123 10000
3461 50000
3594 69000
3319 38000
938 17000
3708 39000
7624 85000
1319 39000
17 12000
1145 19000
832 15000
652 21000
2990 32000
3199 39000
2015 60000
3941 52000
1994 36000
158 26000
825 70000
3464 60000
4180 69000
1382 68000
4853 60000
7370 89000
1161 23000
2809 70000
1349 39000
2519 94000
3222 74000
6471 82000
1802 93000
4068 46000
1764 59000
2100 56000
987 32000
8856 92000
7481 83000
4958 67000
1288 16000
1059 21000
142 45000
684 52000
2353 47000
1176 25000
4119 63000
704 62000
3270 68000
4922 73000
293 27000
2480 79000
849 19000
743 11000
4521 50000
95 46000
413 11000
3351 91000
668 22000
1113 52000
4169 77000
7010 71000
726 60000
8884 95000
7226 95000
5641 69000
830 54000
419 17000
7294 90000
2959 61000
548 55000
6993 98000
7525 90000
747 24000
3456 36000
825 41000
2011 27000
2063 74000
629 12000
1072 16000
1067 64000
7309 90000
348 100000
2235 45000
650 70000
1685 26000
815 16000
45 12000
3158 60000
77 24000
3790 100000
632 47000
2093 40000
3139 35000
398 62000
2194 54000
1090 36000
2083 44000
3366 49000
1209 48000
8882 90000
970 41000
