7930 88000
5472 65000
1644 56000
1627 98000
315 14000
392 14000
878 30000
2764 46000
5499 94000
2727 58000
3555 85000
5423 73000
5052 88000
1939 34000
406 88000
467 11000
7946 92000
1261 30000
4914 78000
3275 99000
279 59000
77 14000
1326 33000
2760 60000
508 85000
2774 55000
2733 37000
2822 88000
3387 67000
1382 57000
4747 60000
2659 27000
1267 71000
1015 14000
387 68000
1424 29000
2298 35000
8374 97000
760 25000
6433 80000
2850 37000
160 53000
2197 92000
769 12000
494 40000
5373 87000
4532 74000
2096 45000
4127 60000
293 38000
909 13000
914 14000
6665 83000
4443 86000
7511 96000
1850 27000
5247 68000
3708 41000
5049 96000
670 95000
116 52000
1572 62000
2814 37000
5320 85000
2791 61000
870 10000
8759 98000
4484 99000
8347 94000
2886 30000
239 19000
541 61000
1157 37000
3422 41000
787 21000
959 31000
529 46000
317 19000
6016 72000
96 30000
2236 46000
2463 31000
4257 52000
6132 84000
3660 64000
4272 87000
8298 91000
2997 62000
2446 65000
4553 74000
7608 83000
6291 68000
3177 42000
9254 98000
1590 22000
2614 88000
5492 60000
4367 64000
6811 81000
476 16000
84 76000
2964 30000
4405 90000
2287 48000
1423 40000
165 11000
3491 36000
2114 78000
538 27000
890 18000
457 25000
2477 67000
351 20000
184 46000
1298 20000
7122 81000
2244 35000
872 15000
3827 48000
2144 34000
1028 91000
6301 66000
6832 80000
7859 99000
131 15000
7696 92000
3323 66000
706 65000
7571 82000
2970 58000
703 13000
829 11000
194 82000
3704 91000
1077 61000
3337 60000
