2707 47000
3042 90000
6803 85000
699 22000
3714 38000
1468 22000
1567 44000
2857 32000
2150 44000
2533 77000
359 85000
1523 79000
2886 61000
3881 47000
1150 33000
3264 44000
3542 53000
400 51000
6301 82000
1495 40000
1338 75000
6067 88000
1069 37000
3366 48000
150 87000
653 62000
1485 45000
628 22000
648 50000
282 50000
2006 57000
243 14000
517 17000
1460 32000
713 97000
1779 62000
1411 76000
4069 80000
788 71000
1003 23000
2498 70000
583 19000
2876 62000
6219 72000
2108 71000
2892 31000
4845 51000
994 20000
7268 75000
589 30000
502 17000
387 85000
896 10000
2297 24000
2895 62000
3996 66000
7762 88000
4349 100000
972 60000
1451 67000
443 70000
5373 74000
702 23000
5609 87000
509 39000
758 34000
7250 91000
899 10000
3489 47000
5137 81000
6051 84000
110 38000
1947 25000
6094 66000
1510 22000
4039 71000
4399 80000
4841 69000
4303 53000
4513 90000
1497 49000
4667 64000
1084 30000
1842 58000
334 26000
