685 12000
2086 23000
1294 13000
2286 26000
5220 77000
322 15000
6769 93000
2886 85000
2686 47000
1626 30000
95 31000
2597 29000
2432 40000
1251 24000
1251 33000
1416 29000
2682 88000
2331 26000
3332 36000
5758 75000
4804 55000
3185 79000
2456 83000
1704 33000
2586 37000
1294 85000
6090 99000
2508 82000
5239 64000
2936 48000
4367 82000
1771 24000
3200 35000
6818 93000
3271 39000
3706 77000
4487 91000
1790 57000
3208 94000
5474 81000
3755 96000
1293 14000
1985 39000
8894 98000
2028 94000
421 26000
355 68000
6644 93000
973 100000
4298 79000
1860 26000
5516 93000
2860 50000
564 56000
156 79000
1048 22000
1943 40000
6095 81000
4116 73000
3348 53000
7133 89000
933 31000
2044 53000
547 29000
2676 55000
3550 54000
323 93000
1128 20000
567 63000
1182 30000
330 75000
2979 50000
1861 38000
1380 32000
2417 46000
3970 81000
971 55000
709 14000
4049 47000
6913 96000
5344 89000
986 22000
2672 86000
6943 91000
3243 98000
769 97000
2197 57000
109 43000
660 28000
5214 88000
328 18000
2660 46000
5429 67000
519 23000
1049 60000
7136 96000
5409 61000
5524 70000
1253 23000
2145 75000
2543 37000
3724 89000
800 18000
5020 64000
2814 97000
5545 59000
529 62000
607 18000
4729 61000
93 26000
260 37000
369 26000
4062 74000
1342 16000
4335 49000
3084 44000
4473 74000
1941 22000
7610 77000
5301 70000
299 35000
3900 44000
1739 72000
3528 97000
3902 74000
7697 91000
2452 92000
4341 92000
8113 92000
3388 48000
4309 79000
981 19000
515 43000
375 11000
3144 39000
4242 74000
4235 88000
3751 63000
365 57000
3488 97000
1330 37000
2861 47000
362 17000
7442 97000
2017 61000
287 31000
1650 18000
3521 39000
78 47000
2117 37000
224 16000
1912 21000
4080 55000
2803 51000
2967 60000
812 15000
1455 78000
