3978 93000
3325 87000
1844 98000
1841 52000
640 23000
1189 27000
2608 29000
2804 77000
3439 83000
4996 76000
1936 36000
334 18000
307 48000
1950 21000
1622 33000
1466 16000
5081 78000
1082 65000
2654 83000
2300 52000
170 11000
3513 57000
460 74000
4614 57000
7169 95000
4118 69000
3405 45000
389 49000
1053 17000
1020 37000
980 12000
3673 55000
6142 96000
158 79000
2594 40000
2103 53000
4378 70000
910 13000
1724 23000
9144 96000
176 35000
2658 37000
2560 58000
910 90000
2678 32000
2807 84000
1207 21000
1044 19000
4381 88000
4567 82000
4452 49000
1317 72000
3414 50000
4796 66000
5007 59000
2014 99000
1619 33000
664 16000
1694 89000
2402 40000
2597 26000
1932 30000
4501 59000
1070 34000
910 27000
1890 24000
2221 59000
1187 16000
4085 98000
3457 46000
668 49000
1802 57000
1041 64000
3073 72000
3717 83000
3539 44000
1005 97000
2719 91000
356 68000
404 90000
4690 64000
1555 41000
