4521 55000
625 32000
5634 69000
650 21000
1601 22000
311 16000
194 68000
4990 57000
195 26000
946 14000
2554 96000
1991 54000
633 16000
146 13000
3918 47000
5122 57000
4322 78000
2778 89000
2212 25000
6648 74000
1505 20000
1564 31000
4527 79000
7414 88000
6919 84000
3729 40000
191 10000
3138 38000
8689 87000
5136 56000
174 52000
2993 43000
597 13000
1928 39000
7840 85000
1704 70000
4013 53000
3541 38000
6168 68000
1500 51000
1025 60000
560 15000
429 24000
5586 56000
2986 78000
825 14000
6382 67000
8363 86000
1992 37000
424 22000
138 11000
3945 55000
500 17000
284 83000
2484 31000
2250 34000
5633 92000
3257 86000
54 24000
1485 23000
8600 87000
327 14000
72 14000
1340 88000
4890 52000
6877 79000
3458 65000
4334 87000
843 57000
2453 88000
1371 27000
1830 74000
470 81000
7693 87000
684 11000
