2823 38000
1675 20000
2110 30000
1631 35000
921 38000
7673 100000
95 87000
3409 76000
549 19000
4357 89000
2118 73000
3985 47000
5400 97000
3115 41000
35 10000
2874 37000
5162 96000
3515 77000
804 15000
2930 47000
4382 75000
3680 37000
105 17000
3605 44000
927 10000
3931 44000
3811 43000
2576 92000
3827 52000
2949 77000
331 15000
1464 96000
5092 66000
79 34000
1279 39000
900 27000
3281 72000
2012 23000
3859 86000
4121 49000
1545 44000
1476 60000
4137 45000
608 29000
4614 67000
2307 46000
2440 63000
1967 80000
5664 68000
3969 48000
1850 66000
1263 50000
7375 92000
1854 38000
1197 36000
818 12000
159 97000
679 16000
210 87000
572 74000
2261 81000
1298 27000
8472 90000
1319 20000
1806 42000
5145 77000
3935 66000
652 50000
2402 62000
2569 30000
2232 54000
91 42000
2228 95000
945 30000
4862 88000
5612 99000
4121 52000
3986 56000
2790 37000
3696 84000
2435 97000
2453 65000
4373 45000
544 53000
4243 90000
3697 57000
4727 49000
689 12000
1490 70000
1170 13000
57 21000
1448 65000
3852 78000
5266 69000
1013 13000
3113 75000
330 81000
27 18000
1902 44000
868 11000
1328 45000
