3279 69000
2122 100000
102 95000
1097 24000
6041 71000
5143 90000
1011 43000
2966 82000
4828 55000
3689 97000
2889 33000
1474 40000
1420 66000
4207 80000
3920 56000
5269 71000
2272 29000
1664 19000
2592 36000
1689 66000
3598 55000
3237 58000
5099 90000
2232 54000
4682 55000
3250 92000
41 12000
6090 71000
1882 86000
7930 96000
4195 61000
1236 65000
2183 30000
466 75000
1255 27000
1170 34000
1533 31000
171 14000
214 54000
1537 66000
8971 96000
797 46000
4611 75000
801 17000
2790 35000
3256 52000
2489 32000
1831 89000
3416 57000
1074 18000
322 92000
1678 21000
2287 23000
3587 43000
1417 62000
4026 66000
3807 39000
3299 62000
