548 13000
1815 22000
1742 32000
2062 50000
418 73000
1799 87000
190 48000
1138 23000
294 22000
3166 57000
3370 36000
2251 35000
6410 81000
3350 89000
1119 15000
3502 59000
1383 20000
3010 42000
1751 68000
1644 68000
5310 54000
2268 25000
363 12000
3471 71000
369 80000
167 63000
1870 24000
4207 76000
2237 37000
1082 41000
8268 83000
253 75000
770 12000
788 14000
5686 74000
1385 28000
2002 39000
1587 30000
427 22000
752 10000
3521 96000
1062 30000
4574 100000
1779 41000
1279 19000
167 30000
8739 91000
8648 98000
2474 27000
4054 72000
1182 95000
400 66000
2431 46000
3155 51000
5199 61000
4794 90000
136 54000
6279 82000
5616 61000
3513 81000
3857 99000
2489 63000
1859 59000
2018 43000
7926 86000
892 60000
4770 81000
2572 85000
1996 26000
980 11000
1995 73000
5849 98000
1955 51000
7261 77000
4922 56000
658 50000
1589 77000
1535 38000
858 61000
4650 96000
6069 73000
1228 33000
3040 34000
3064 52000
445 14000
1902 43000
2542 49000
1271 36000
1110 13000
5576 89000
260 11000
433 43000
118 23000
889 30000
5042 86000
975 66000
3438 42000
2326 67000
6652 82000
5703 59000
1368 34000
8686 88000
7584 86000
2933 42000
674 25000
6417 82000
7333 93000
587 10000
5838 68000
469 17000
2049 39000
6751 90000
8653 87000
666 26000
4978 67000
305 97000
3213 63000
1053 66000
2100 76000
5137 84000
624 15000
5221 57000
4919 76000
3804 52000
2396 44000
6697 88000
7065 86000
7463 80000
1380 35000
1028 60000
889 24000
5185 88000
2683 67000
1125 24000
