3512 62000
1976 84000
3082 69000
2723 95000
6367 73000
1184 41000
386 53000
3875 69000
2134 24000
606 30000
4643 49000
5118 63000
159 83000
5695 67000
2028 41000
3944 78000
4614 96000
7113 87000
3974 51000
532 53000
4977 72000
4107 45000
935 41000
1618 35000
3976 41000
1583 41000
2181 50000
2521 54000
593 12000
2058 52000
2462 38000
743 20000
72 25000
449 27000
1136 84000
2825 45000
4221 55000
4031 59000
2583 31000
3107 46000
6536 95000
2068 98000
7182 72000
1998 35000
2215 26000
2476 68000
2780 92000
4935 95000
4655 60000
6339 95000
5340 74000
665 49000
5201 93000
651 73000
8327 90000
81 51000
478 76000
2270 26000
883 26000
1037 29000
216 12000
2846 33000
3097 79000
716 15000
2117 49000
49 31000
6852 71000
3289 51000
3753 68000
3095 91000
1281 57000
905 29000
2107 89000
5346 63000
1138 56000
283 44000
2957 35000
4914 85000
5156 87000
4752 64000
1125 65000
1607 61000
3543 41000
907 51000
4170 54000
2444 46000
2326 24000
2418 45000
2077 100000
3730 58000
577 35000
227 28000
753 77000
1067 28000
1218 32000
2923 73000
4798 73000
4915 80000
3868 73000
5103 64000
100 32000
2082 36000
