3370 47000
3867 78000
5797 77000
484 43000
5918 80000
3807 68000
1657 73000
1951 26000
2773 36000
3252 79000
4422 46000
5811 98000
2111 83000
5303 54000
163 20000
485 88000
5713 68000
2324 32000
71 13000
1226 68000
87 21000
2009 23000
538 10000
3628 42000
844 97000
2315 31000
1244 19000
818 82000
1647 18000
1137 29000
1450 64000
1085 33000
1143 54000
954 13000
254 77000
6796 99000
1132 26000
1368 19000
3038 43000
3150 83000
2550 67000
3486 65000
1646 22000
1540 82000
800 19000
3057 54000
2716 28000
3799 64000
970 21000
862 12000
909 13000
6323 70000
257 23000
2610 77000
786 39000
2544 64000
849 45000
617 23000
8300 90000
3990 78000
1410 76000
905 39000
1961 47000
1570 19000
757 16000
7858 94000
2824 34000
307 21000
145 14000
7731 88000
1371 57000
2538 93000
2003 53000
564 50000
1174 22000
1259 53000
618 45000
6965 99000
1044 44000
294 54000
6679 87000
264 71000
4026 60000
2669 43000
