1456 95000
2019 39000
605 46000
1583 27000
1166 14000
5418 63000
782 59000
2341 84000
3660 41000
297 44000
2953 54000
293 78000
6157 78000
102 28000
2837 48000
2711 75000
4371 45000
7025 86000
1985 21000
1518 18000
3298 74000
2159 43000
1458 70000
6465 66000
3645 97000
2470 50000
4400 59000
4524 53000
3807 39000
6011 73000
5374 77000
4644 56000
1028 98000
363 50000
327 78000
502 13000
2805 88000
1838 88000
7944 87000
886 17000
5950 85000
6320 83000
1974 56000
1303 32000
3498 67000
2356 32000
2443 33000
478 35000
5745 83000
4726 48000
1285 15000
1653 86000
104 50000
1416 70000
2111 25000
4653 94000
1469 76000
8084 81000
744 18000
8181 92000
3631 59000
4609 66000
915 46000
5248 99000
3253 47000
3443 56000
30 12000
3899 71000
1614 36000
1260 13000
3591 76000
660 17000
657 23000
5082 95000
1700 26000
2411 85000
4489 82000
391 19000
93 13000
1920 55000
993 21000
2496 78000
1639 55000
403 33000
2985 86000
893 19000
553 10000
2197 24000
5579 82000
1369 28000
1674 28000
5985 64000
1222 27000
4239 47000
976 11000
1628 47000
4405 78000
2649 28000
8686 87000
3845 43000
5663 77000
450 34000
1941 72000
1848 30000
1272 29000
1301 96000
3128 54000
391 22000
2644 93000
1474 70000
295 36000
2891 30000
4777 61000
6055 88000
1722 69000
95 39000
2970 43000
3380 69000
422 99000
1041 22000
386 36000
1071 24000
2473 72000
7104 98000
1865 65000
454 11000
3851 56000
5852 72000
4889 98000
6965 87000
636 19000
2115 68000
3886 43000
3236 97000
1953 91000
8365 93000
5749 99000
4757 82000
5633 97000
6437 72000
114 14000
4748 85000
5888 61000
960 98000
1756 47000
471 57000
3744 69000
2906 66000
2868 92000
1637 41000
2268 30000
2091 84000
7650 88000
661 59000
2137 42000
6039 75000
5221 78000
