2304 46000
5675 59000
3211 40000
473 11000
2666 31000
1267 67000
3623 64000
747 13000
6404 76000
1027 19000
1451 93000
702 39000
3880 81000
1869 33000
580 60000
2492 69000
297 79000
2048 21000
1398 67000
850 31000
489 89000
4117 76000
6410 72000
1362 26000
3162 39000
35 33000
3061 71000
1333 81000
3292 72000
349 94000
2689 32000
1662 18000
4342 89000
1281 14000
1677 22000
558 11000
890 22000
1868 64000
1756 35000
5543 62000
3727 58000
6849 72000
2379 53000
4205 73000
2690 68000
2480 28000
6631 89000
1953 20000
493 19000
1416 64000
1530 18000
7195 94000
5599 72000
5115 79000
5574 100000
147 12000
1564 21000
2447 30000
5957 61000
2490 79000
7781 86000
5764 91000
100 43000
3467 79000
2146 87000
9285 99000
1487 23000
1651 29000
167 22000
4585 78000
1655 65000
1878 57000
9271 95000
3548 81000
6741 69000
120 10000
418 17000
2220 33000
4961 87000
6427 91000
586 29000
131 10000
4529 82000
3834 45000
734 55000
3432 73000
4780 100000
863 17000
3098 75000
520 63000
1939 25000
3351 73000
1155 17000
1535 53000
1654 26000
1859 73000
