659 93000
1632 21000
1720 64000
1286 64000
6328 92000
3269 78000
1972 60000
546 32000
974 75000
2765 98000
992 13000
2754 87000
504 49000
1506 27000
8635 94000
1082 99000
1023 91000
874 37000
5051 60000
4286 55000
9620 99000
4492 94000
4187 43000
1574 53000
3387 90000
993 62000
8640 98000
5489 59000
280 20000
577 11000
2298 26000
4223 67000
487 18000
4893 59000
1737 19000
1112 29000
5494 80000
5156 68000
445 23000
897 10000
4013 74000
1157 14000
3271 77000
275 11000
1391 59000
4281 74000
633 12000
691 21000
3660 50000
3396 69000
4256 87000
5874 97000
2120 36000
1080 20000
2485 30000
290 34000
1053 12000
2368 63000
2385 83000
6336 77000
257 54000
156 31000
81 43000
6595 94000
5609 86000
2701 64000
4562 72000
7868 100000
503 13000
3694 75000
4800 56000
2248 76000
1954 94000
1242 34000
2545 65000
2841 74000
7002 99000
5892 79000
607 11000
518 10000
256 67000
401 13000
1216 89000
2372 88000
1312 56000
4916 80000
2296 30000
1747 74000
1991 61000
5599 69000
571 10000
4969 51000
2707 40000
3787 52000
491 97000
4310 82000
2158 36000
3675 57000
265 18000
2216 27000
6773 73000
3974 70000
523 58000
1088 34000
1986 93000
2454 26000
7694 89000
1175 61000
2316 41000
4632 57000
1446 17000
1314 25000
756 29000
2201 59000
66 21000
5921 100000
4017 42000
4887 55000
270 20000
3370 50000
395 16000
745 14000
4094 44000
1446 17000
2398 51000
2620 28000
1400 51000
4374 87000
2309 47000
5492 66000
3400 36000
1379 31000
1162 38000
3032 40000
5783 81000
1466 31000
377 32000
