710 75000
1475 49000
1422 35000
3718 68000
1559 65000
57 26000
4481 45000
2811 74000
391 17000
4744 58000
356 37000
1568 61000
2703 76000
740 18000
7000 100000
1817 21000
2916 43000
95 11000
1886 85000
3449 97000
4429 60000
4679 74000
5915 66000
6836 95000
973 58000
6059 64000
2140 26000
7195 89000
975 12000
81 42000
2337 36000
3392 98000
2495 40000
2144 62000
1113 44000
3527 58000
271 26000
1838 43000
647 75000
2913 52000
1631 50000
1725 59000
1322 22000
5527 56000
819 21000
391 50000
5515 57000
3919 91000
2325 39000
2452 29000
551 26000
1481 36000
653 43000
5312 96000
6705 88000
126 67000
2847 79000
3713 61000
1067 45000
929 29000
7683 91000
1712 25000
2999 58000
971 26000
1984 28000
6935 90000
545 38000
1136 12000
6573 93000
4911 69000
1072 39000
915 26000
1493 19000
1340 99000
5569 61000
4538 75000
4744 52000
536 66000
7173 97000
1876 65000
1055 31000
3119 81000
