486 44000
3847 56000
609 26000
8462 93000
3128 52000
5383 95000
6790 86000
4432 62000
572 97000
2738 31000
2933 44000
6082 63000
5081 72000
6728 81000
8263 86000
3448 51000
3539 64000
7557 91000
1752 26000
1698 20000
873 19000
3042 80000
5882 75000
5928 86000
3248 78000
1802 21000
1593 27000
2234 81000
6994 73000
749 26000
7153 84000
609 95000
4183 52000
3693 68000
3250 70000
1141 26000
180 56000
3426 64000
5649 66000
1759 42000
3527 58000
169 10000
6193 98000
906 43000
2077 24000
1821 53000
1560 39000
2430 75000
635 42000
2962 35000
1525 63000
6337 86000
7058 76000
4821 84000
4633 63000
3924 86000
2221 33000
1765 93000
1835 43000
193 41000
1672 85000
2390 41000
1718 29000
1212 30000
8236 92000
5349 73000
1631 62000
2526 49000
1104 33000
900 12000
1691 38000
267 72000
4937 88000
1631 75000
4803 49000
6333 97000
2891 40000
5350 55000
2461 96000
852 18000
2579 26000
3341 50000
590 38000
1689 85000
218 100000
159 29000
2938 76000
1349 24000
4319 45000
423 82000
1076 17000
495 61000
4892 51000
1370 89000
