4893 75000
111 18000
2383 50000
1854 34000
947 28000
1750 39000
6638 98000
372 12000
2703 58000
1760 44000
5690 59000
4258 72000
5246 75000
846 46000
1189 15000
5442 65000
5966 64000
3372 38000
3382 94000
4943 52000
7093 84000
1198 33000
1801 26000
3360 51000
1760 44000
4019 82000
1163 55000
1383 21000
5473 64000
3647 39000
1863 74000
1344 58000
828 10000
1997 90000
2275 76000
2578 52000
1448 87000
4375 81000
490 71000
6214 92000
3569 67000
363 18000
364 17000
731 59000
1629 26000
3884 59000
1347 19000
341 22000
1936 40000
3772 95000
1438 45000
2233 47000
7071 85000
4776 72000
3655 60000
385 43000
3296 40000
2887 59000
5207 91000
448 79000
3648 73000
757 98000
1202 20000
1304 26000
379 72000
7627 77000
3474 40000
1403 30000
3142 33000
560 42000
621 72000
1430 35000
7333 79000
2356 65000
106 22000
971 48000
3792 38000
543 16000
5300 62000
1030 40000
1360 65000
698 10000
1856 61000
5587 86000
4269 44000
3492 96000
7788 90000
5146 60000
1285 69000
3397 96000
2600 73000
1374 65000
3471 76000
7520 77000
2762 76000
2261 25000
2865 34000
1072 87000
504 28000
