759 22000
2575 28000
5943 95000
5491 68000
1385 17000
3092 76000
5326 67000
846 50000
689 12000
7883 98000
5026 84000
2937 91000
2710 53000
1470 27000
945 47000
2118 76000
3355 83000
4292 53000
263 27000
3899 81000
2646 39000
553 39000
2422 73000
2982 48000
7626 100000
387 37000
1655 67000
2758 57000
1293 23000
3636 72000
963 11000
3802 50000
1367 21000
3502 44000
1244 49000
4035 56000
2740 39000
1561 82000
5031 71000
3043 53000
3694 67000
2779 34000
2642 93000
1832 59000
910 16000
777 36000
4061 89000
4881 69000
5293 59000
971 82000
7544 85000
5810 95000
212 49000
1620 46000
2713 49000
762 29000
3665 78000
872 63000
3549 90000
209 10000
150 61000
857 20000
760 23000
791 22000
2493 32000
1124 14000
814 31000
2836 47000
1449 48000
1013 16000
440 59000
2091 22000
4626 54000
4682 83000
6888 100000
2114 34000
4318 84000
303 30000
636 15000
672 23000
912 33000
7442 79000
1900 44000
885 29000
4327 59000
846 41000
2126 72000
788 30000
1195 36000
5522 96000
2406 90000
3798 73000
2425 45000
2614 75000
1628 38000
4831 94000
2463 89000
2045 35000
5144 85000
2039 87000
3201 42000
3326 64000
3124 76000
2068 55000
1142 82000
3205 58000
1212 29000
121 21000
1831 59000
2277 68000
3820 46000
1783 96000
118 31000
8236 96000
1970 24000
257 21000
1028 38000
1018 75000
3847 47000
1740 75000
1950 79000
2264 57000
226 57000
8510 86000
4195 42000
1574 97000
584 70000
632 39000
1851 46000
