440 79000
1969 60000
68 35000
350 25000
957 16000
3145 52000
2658 50000
952 21000
1921 44000
997 31000
5414 72000
867 13000
9171 93000
1226 97000
227 10000
6387 76000
2245 33000
6564 70000
549 10000
1186 15000
945 43000
3535 59000
1537 68000
302 14000
1136 35000
1856 19000
317 41000
216 87000
9115 95000
1194 50000
1183 51000
2626 99000
2089 27000
4065 66000
616 12000
5029 59000
2617 34000
2667 98000
3027 88000
391 56000
5182 53000
5589 71000
86 30000
784 42000
3522 79000
182 17000
907 77000
2148 55000
1834 71000
747 84000
2176 98000
69 14000
2885 90000
2646 29000
4805 73000
2435 37000
4156 77000
413 13000
4960 63000
731 46000
1518 17000
2880 84000
1378 51000
985 12000
2320 41000
5386 81000
1251 19000
631 76000
4893 50000
1713 21000
4289 50000
967 94000
6019 97000
5634 71000
364 14000
2790 34000
4332 72000
675 20000
1716 28000
1948 82000
293 56000
733 68000
2411 35000
1953 84000
165 77000
495 11000
1710 29000
1446 70000
1382 33000
188 44000
340 20000
4088 51000
8747 88000
3989 55000
1272 86000
613 84000
2107 72000
432 30000
2088 72000
592 84000
3615 55000
916 84000
4087 75000
6208 74000
2616 46000
6902 100000
2018 71000
959 41000
3727 99000
1799 22000
1448 37000
