1952 40000
1162 61000
2993 71000
8536 91000
2123 38000
1627 19000
2928 30000
2275 27000
925 22000
3150 55000
1757 35000
6388 91000
4095 45000
194 72000
4423 83000
2057 25000
216 20000
599 29000
1700 44000
3343 96000
1049 66000
1636 24000
75 28000
591 22000
641 15000
5618 88000
669 35000
648 82000
988 49000
6569 94000
2461 88000
1343 56000
1297 18000
1117 13000
834 32000
892 52000
5237 65000
4463 64000
6028 69000
4585 77000
2447 39000
1337 31000
4517 72000
3924 65000
3752 50000
251 12000
7711 98000
3476 35000
2757 43000
2632 98000
1526 64000
2909 40000
6219 85000
2610 60000
3956 87000
7187 77000
159 93000
2436 39000
2307 32000
644 10000
7116 96000
2542 28000
434 25000
1565 81000
2617 33000
1506 22000
3477 94000
1275 82000
1248 32000
1077 72000
3921 67000
4483 79000
1823 40000
5032 67000
7081 80000
4175 86000
1340 17000
1050 11000
1123 16000
5963 90000
7557 85000
2179 80000
159 67000
2187 39000
4120 43000
2667 92000
7107 77000
3547 38000
2082 100000
4960 52000
5424 62000
1743 32000
593 21000
1643 22000
572 13000
621 15000
2354 25000
3033 59000
1201 48000
1857 69000
941 11000
3927 48000
6375 66000
2659 57000
2949 31000
2432 28000
1508 52000
928 76000
2909 60000
2903 66000
2005 27000
5359 60000
701 33000
2139 40000
3368 75000
4485 63000
3558 92000
5491 70000
2836 50000
875 40000
417 17000
1078 25000
3163 50000
260 27000
174 47000
165 52000
1530 19000
5990 90000
1560 55000
2550 78000
2859 37000
1851 37000
4124 100000
1271 90000
3156 81000
2176 72000
7904 81000
3221 50000
3073 72000
752 13000
7710 88000
5698 59000
801 49000
1385 19000
1215 27000
124 32000
45 15000
534 42000
2488 35000
1527 59000
629 72000
1532 53000
1681 32000
1698 38000
