75 54000
2957 30000
5931 98000
546 20000
3512 67000
1653 34000
5909 84000
1615 75000
183 11000
3660 68000
6976 70000
3705 78000
3126 55000
2536 67000
6796 74000
5853 83000
1674 57000
3433 69000
602 25000
2060 28000
2582 49000
1214 52000
2754 28000
5062 72000
5264 75000
1171 46000
1100 77000
2664 60000
2435 44000
100 43000
418 33000
2014 58000
5144 97000
3635 75000
2166 77000
8843 95000
1295 96000
701 67000
6086 93000
447 91000
2736 53000
1063 17000
4020 91000
1055 27000
5166 55000
1497 28000
3274 44000
529 27000
3095 45000
306 31000
1036 40000
308 10000
764 66000
6361 77000
1697 28000
443 17000
6008 71000
2918 61000
4322 47000
1738 20000
3389 38000
931 78000
2631 100000
251 73000
1031 25000
2809 53000
2173 89000
5278 62000
723 12000
671 17000
6927 78000
41 17000
1221 66000
3361 51000
135 58000
3901 60000
4860 97000
2216 86000
1891 33000
269 36000
7297 73000
3402 85000
1824 19000
1536 58000
