1007 17000
2901 34000
327 23000
1432 32000
3732 77000
686 39000
1057 22000
9268 94000
7198 87000
2137 94000
3567 38000
4631 96000
5751 70000
5872 99000
1163 48000
6897 84000
657 35000
4961 76000
2344 42000
921 14000
3849 50000
2597 79000
3220 72000
764 85000
1764 53000
3270 83000
1356 21000
2216 88000
396 76000
2826 90000
338 10000
1766 39000
7261 78000
3173 39000
1249 71000
121 44000
420 30000
2232 45000
2136 50000
4306 100000
673 100000
721 17000
2167 65000
3790 78000
4800 86000
1217 19000
898 36000
1092 23000
2547 90000
312 22000
958 18000
1035 11000
7440 84000
1808 64000
1339 49000
992 49000
2511 98000
2666 56000
1349 92000
2631 50000
1350 25000
1289 80000
1442 29000
318 38000
6218 94000
2042 48000
5859 88000
5214 82000
2347 52000
398 24000
905 43000
3061 77000
1712 88000
5412 69000
7326 83000
4331 44000
2260 24000
1105 60000
5172 72000
1455 49000
2044 34000
2012 61000
1218 49000
474 53000
1855 36000
3427 71000
63 10000
2181 59000
3843 59000
3112 36000
1769 38000
1322 48000
2083 22000
3089 59000
1397 37000
1630 74000
837 99000
1770 47000
4194 70000
4613 70000
1316 60000
337 24000
900 11000
679 20000
358 10000
2400 25000
4391 84000
1133 98000
2747 49000
1686 45000
4245 94000
4833 69000
3663 46000
30 28000
1018 17000
6952 70000
395 12000
4832 91000
4975 79000
1776 22000
4058 64000
4204 51000
3878 45000
1391 34000
179 53000
5715 75000
320 53000
4069 56000
4035 77000
6120 76000
1737 22000
3277 55000
721 21000
1184 34000
114 20000
1994 22000
666 48000
3680 76000
3062 53000
3145 63000
3630 50000
955 79000
8213 95000
4697 81000
993 16000
957 37000
3487 99000
