2679 47000
3617 47000
4504 72000
699 57000
4166 83000
1235 89000
5944 63000
5112 71000
1274 14000
5488 56000
7104 72000
70 14000
882 38000
894 11000
6467 88000
2623 81000
5879 75000
3580 36000
309 53000
1028 22000
2512 29000
3803 79000
5479 99000
1674 88000
7126 74000
2792 29000
4444 67000
3950 97000
7967 94000
7305 88000
954 36000
2497 44000
1388 72000
3281 94000
479 57000
1751 60000
1509 23000
9281 95000
5160 58000
4998 100000
7552 92000
383 31000
749 11000
8104 97000
89 48000
2436 85000
4062 51000
3407 47000
3773 73000
5559 77000
127 28000
3880 84000
356 61000
564 57000
766 10000
182 22000
834 36000
6371 80000
9910 100000
8753 100000
5063 56000
2731 63000
2145 52000
2788 81000
3041 36000
725 29000
2001 31000
301 51000
1090 27000
1025 18000
1312 41000
553 14000
2513 42000
814 73000
1992 50000
427 38000
