413 92000
167 42000
3469 83000
2229 28000
4922 60000
317 21000
2543 98000
5182 97000
96 40000
7108 76000
3115 76000
3893 75000
540 80000
223 45000
804 67000
657 17000
1108 14000
4996 63000
2936 49000
2615 91000
1667 25000
1863 53000
4352 68000
5591 61000
1838 90000
904 17000
5236 55000
386 52000
3577 40000
358 13000
1483 19000
3428 44000
502 46000
1723 18000
2528 30000
332 11000
6034 86000
4250 54000
3556 84000
6159 64000
557 54000
690 10000
60 22000
8388 96000
7071 80000
6346 75000
305 37000
3252 77000
2673 38000
153 17000
7477 86000
5340 82000
398 96000
1559 70000
657 32000
1443 21000
949 24000
2749 44000
352 10000
1432 47000
129 19000
2387 79000
841 91000
1084 16000
6952 78000
9832 99000
3732 55000
682 87000
3925 56000
9303 96000
921 65000
5684 66000
2387 82000
2312 39000
748 31000
451 19000
946 27000
3851 65000
2563 52000
1776 30000
3881 46000
3523 84000
666 38000
4492 77000
2060 31000
1547 40000
7515 99000
2847 61000
1505 65000
339 64000
1165 17000
8482 88000
2843 42000
2604 41000
2100 37000
317 18000
744 55000
3090 34000
7121 88000
521 77000
4404 49000
6184 94000
5032 89000
3858 68000
106 79000
1016 31000
3610 54000
5312 91000
97 31000
533 10000
1908 46000
3990 55000
2542 90000
2864 89000
384 30000
4207 86000
5754 95000
2102 46000
261 17000
2198 80000
5154 59000
9889 99000
848 85000
