9030 94000
487 63000
476 89000
8105 95000
2606 66000
2170 25000
1842 88000
6360 68000
3054 49000
4060 72000
222 88000
5199 87000
308 54000
8233 90000
3484 93000
5733 91000
1482 100000
1807 92000
1959 53000
888 10000
5986 84000
6898 85000
3904 55000
816 59000
1962 56000
2701 36000
4049 76000
477 81000
1348 17000
980 33000
576 20000
2179 54000
4411 48000
5064 51000
3521 49000
285 12000
2454 62000
7872 81000
854 36000
2519 58000
840 81000
5590 68000
905 47000
3512 91000
1196 59000
433 40000
8185 82000
791 10000
545 22000
989 12000
6641 79000
853 15000
6554 66000
55 15000
5860 71000
518 20000
4313 64000
2503 57000
986 51000
