6687 79000
1197 20000
2486 58000
1009 45000
4533 54000
1613 58000
7163 88000
4376 60000
578 12000
1791 69000
2955 34000
1374 35000
1912 45000
1756 35000
2285 24000
6958 85000
6053 64000
752 39000
3305 39000
4744 77000
604 22000
245 32000
1816 93000
2601 34000
3675 57000
3908 45000
1852 49000
3494 95000
3934 40000
1581 79000
2174 48000
5153 65000
36 19000
4365 99000
3506 53000
795 20000
1147 13000
2324 24000
2378 42000
1983 43000
8000 90000
613 25000
2808 97000
803 15000
6092 61000
283 54000
4837 97000
2232 78000
1663 58000
2103 25000
620 14000
1789 34000
5642 70000
7163 79000
2171 86000
1714 29000
2236 37000
1843 31000
932 33000
2805 76000
1882 82000
3610 41000
3213 81000
767 43000
4460 51000
3993 52000
882 60000
3437 79000
1010 14000
5500 70000
3072 65000
1085 49000
1065 41000
807 68000
5361 71000
