5473 91000
443 11000
5952 92000
1242 24000
1737 50000
1206 38000
1415 37000
1507 16000
645 35000
3432 60000
7175 86000
487 99000
1145 86000
3754 64000
5665 63000
847 71000
1771 43000
147 36000
3955 75000
396 42000
6143 87000
293 14000
3581 36000
460 22000
677 39000
950 62000
48 36000
2096 83000
3373 49000
1972 63000
5305 71000
6084 84000
296 11000
447 28000
730 22000
4163 91000
1189 57000
918 59000
2624 70000
8376 92000
3923 88000
5432 67000
3178 74000
1118 25000
2327 79000
2341 99000
1232 100000
4020 99000
1582 23000
3240 35000
2024 32000
61 42000
2134 79000
1008 48000
1142 20000
778 16000
327 26000
2541 60000
3692 58000
183 31000
3265 43000
3857 41000
427 12000
3485 96000
4752 89000
5471 94000
905 96000
313 85000
4616 55000
1110 83000
2347 69000
1962 47000
1101 47000
693 61000
937 97000
222 16000
6268 87000
999 23000
3156 47000
3973 69000
1090 13000
1046 80000
2475 26000
262 66000
3591 51000
7294 77000
478 56000
2907 74000
9029 94000
1141 50000
5448 56000
4830 82000
807 18000
6784 71000
2901 32000
2283 62000
735 11000
3723 81000
5921 100000
4851 80000
953 40000
593 22000
6454 86000
202 20000
7486 89000
2820 59000
8692 88000
1023 86000
3548 98000
1396 36000
417 36000
4734 83000
2650 50000
929 59000
8319 89000
48 19000
2255 96000
2151 68000
2978 75000
59 25000
2528 46000
4908 77000
1306 27000
1715 44000
961 32000
944 89000
224 71000
1018 17000
630 66000
5170 96000
171 38000
1211 83000
3868 39000
907 63000
5762 58000
9128 97000
180 44000
