7920 88000
7843 79000
3595 80000
1192 89000
1087 22000
1132 20000
3161 77000
286 53000
1011 20000
286 52000
497 54000
6443 90000
581 20000
1726 62000
1888 49000
822 11000
378 10000
1661 86000
1177 14000
2544 85000
1404 30000
4941 64000
3445 40000
4291 43000
995 98000
5850 85000
432 82000
611 65000
249 62000
361 25000
6572 73000
879 43000
1799 63000
5451 85000
4857 75000
6534 76000
138 29000
70 12000
2552 39000
2629 64000
218 10000
9159 100000
2894 97000
912 89000
1786 19000
2255 28000
1734 81000
3622 46000
136 24000
701 68000
1215 21000
2701 50000
2254 35000
3321 51000
1593 27000
884 10000
2822 33000
5931 77000
4908 65000
2775 85000
425 15000
2369 34000
322 15000
1795 74000
5263 99000
3744 38000
1240 62000
3077 47000
345 62000
1117 83000
4088 49000
787 93000
1073 18000
2637 60000
3171 77000
1886 26000
603 47000
1995 57000
2212 54000
5781 73000
7825 83000
810 24000
2502 44000
1391 72000
2804 64000
4089 92000
3098 84000
2337 37000
3323 48000
1062 44000
265 29000
6709 86000
8383 88000
525 21000
1349 36000
582 60000
2272 54000
647 21000
4426 74000
2740 57000
7498 92000
3627 77000
3526 38000
1995 68000
1687 20000
1178 34000
3056 61000
1540 51000
1763 24000
4184 54000
1470 55000
1231 44000
68 67000
1166 87000
1250 26000
8143 93000
1996 20000
1183 19000
3981 40000
1164 69000
4543 93000
2156 60000
1429 27000
1662 39000
1276 37000
969 47000
189 26000
