5173 81000
1810 21000
3371 79000
6165 72000
1371 29000
1417 25000
808 11000
2251 100000
757 62000
1786 37000
3717 41000
589 27000
2983 39000
4289 63000
5834 71000
6735 68000
980 87000
649 33000
915 16000
6552 82000
4295 68000
1512 40000
217 32000
5230 73000
3371 87000
5993 84000
63 22000
7043 85000
2048 55000
5026 98000
8806 94000
1689 71000
2609 72000
2208 86000
1643 48000
989 22000
3703 92000
2072 50000
1051 15000
1120 21000
4847 60000
3485 40000
629 17000
2331 84000
5525 92000
5589 63000
1253 27000
841 11000
5350 90000
7165 80000
4962 82000
2318 63000
6764 69000
110 11000
3065 36000
859 13000
2411 31000
5868 89000
584 12000
2219 24000
4756 96000
1933 74000
2706 46000
3023 43000
882 84000
2921 34000
1063 50000
2523 51000
538 16000
504 12000
4240 85000
164 30000
5196 54000
3564 44000
1479 17000
581 27000
4592 66000
1750 25000
3144 45000
462 30000
917 42000
4347 84000
6973 70000
1350 45000
845 31000
2425 44000
2648 85000
911 49000
908 64000
721 84000
362 24000
2622 30000
2169 80000
1118 67000
995 17000
1708 81000
1733 91000
563 61000
308 43000
