8587 91000
4389 82000
170 26000
2234 84000
6829 87000
539 19000
4291 56000
237 14000
1489 35000
1388 55000
2136 33000
5348 54000
2086 23000
2257 42000
3686 57000
5368 61000
7079 81000
4713 68000
6657 100000
6829 92000
2373 27000
95 23000
5858 80000
1030 52000
7663 82000
3889 53000
5168 60000
2479 52000
313 27000
5197 55000
425 94000
3174 55000
5316 77000
1205 38000
6833 69000
7709 91000
7019 78000
972 17000
2083 38000
520 16000
7601 85000
2325 76000
7172 92000
2440 70000
1367 70000
307 25000
4873 73000
153 12000
3649 43000
4763 88000
6739 87000
5245 61000
4609 51000
951 16000
4391 56000
1327 53000
5880 86000
1420 27000
3584 38000
1173 34000
2370 69000
2142 25000
1431 30000
4619 90000
298 29000
1411 16000
1823 22000
323 92000
1010 60000
1122 13000
807 19000
1089 53000
1432 25000
5692 86000
4658 88000
1544 60000
1177 29000
2228 70000
3790 60000
6290 68000
4548 51000
4983 79000
7564 81000
5006 53000
6877 69000
2013 98000
927 100000
