2015 53000
352 14000
422 45000
2723 78000
697 22000
878 66000
6808 92000
4240 45000
1054 16000
1206 64000
5984 63000
1027 12000
5036 84000
2260 98000
1632 19000
7632 89000
7477 75000
3122 78000
5455 57000
683 54000
1673 36000
7337 91000
4175 93000
2387 32000
970 16000
2740 36000
398 61000
6660 74000
3720 48000
5714 89000
1132 16000
2725 82000
3989 50000
2014 36000
7378 84000
918 66000
1749 33000
9614 98000
322 32000
7840 83000
3836 54000
3328 65000
1034 80000
8536 91000
1334 25000
4163 47000
4973 53000
2392 72000
7946 100000
8314 88000
3341 100000
405 23000
3229 81000
927 15000
1214 32000
1063 11000
958 13000
171 75000
390 23000
217 31000
102 87000
2378 31000
2545 62000
383 19000
1127 59000
4953 78000
7263 97000
5194 74000
2205 35000
1606 45000
4321 70000
1429 27000
1795 56000
505 55000
3360 38000
1900 78000
871 44000
2648 31000
1442 26000
768 27000
2155 77000
3704 38000
800 54000
2460 82000
2881 30000
2484 58000
643 16000
795 35000
434 22000
199 73000
7417 81000
2499 55000
4693 96000
4877 58000
423 38000
4721 70000
443 16000
1312 64000
3988 52000
1997 47000
2185 25000
735 54000
2554 50000
4537 52000
2264 96000
2559 46000
3238 52000
3900 99000
906 67000
5397 87000
84 44000
22 13000
371 17000
751 57000
882 11000
3681 52000
1538 99000
4631 48000
5465 66000
3174 96000
2255 65000
1590 89000
5890 60000
605 70000
5295 59000
200 11000
1673 49000
2669 81000
8291 90000
2380 30000
8310 97000
3191 32000
1917 82000
5203 55000
898 15000
2518 66000
192 10000
4665 50000
3320 39000
1853 22000
4700 68000
228 33000
1181 96000
2980 38000
6812 79000
1463 19000
139 27000
4472 68000
5367 71000
821 71000
4188 54000
2102 51000
1816 22000
756 91000
