2531 32000
647 21000
132 28000
2269 82000
3751 43000
18 10000
1516 88000
1343 85000
1639 63000
2546 52000
802 71000
1909 38000
3577 48000
930 17000
1497 30000
2910 46000
5611 76000
2427 86000
703 11000
6840 94000
6777 72000
1838 81000
501 30000
860 48000
3124 90000
3373 38000
2960 63000
7292 100000
946 49000
830 23000
3609 91000
1499 18000
5701 67000
7213 98000
467 28000
133 25000
1911 45000
518 33000
3309 78000
312 30000
1687 68000
1305 68000
614 77000
4020 52000
7282 94000
479 23000
89 79000
2392 97000
3141 36000
7352 93000
1709 40000
8469 95000
340 41000
3242 74000
1350 76000
3404 43000
1862 79000
3396 59000
2643 92000
7884 89000
2127 92000
2674 45000
465 45000
6491 89000
2489 26000
1865 29000
1189 79000
3046 70000
1746 85000
5439 66000
2314 31000
833 91000
2430 84000
8747 90000
2286 34000
210 22000
1147 68000
107 41000
1288 30000
737 15000
543 79000
1857 31000
2946 34000
3720 75000
1343 28000
5789 94000
917 19000
3081 97000
520 15000
1534 34000
421 18000
817 59000
3815 85000
6123 87000
2073 38000
1147 12000
6813 83000
908 34000
41 11000
562 22000
437 14000
1078 33000
929 27000
2631 54000
711 16000
2177 41000
758 10000
714 91000
1316 51000
447 82000
8005 93000
3806 69000
2248 41000
