2551 79000
816 56000
1894 76000
93 17000
1424 15000
1721 91000
461 40000
537 12000
3723 58000
1255 53000
6535 88000
9399 99000
737 62000
5971 75000
903 41000
1117 35000
5353 94000
3059 99000
4043 49000
7769 94000
560 10000
680 27000
2338 24000
813 60000
6149 64000
1394 21000
484 39000
1655 24000
7638 78000
473 25000
1682 24000
217 33000
1169 49000
2297 100000
2875 58000
8671 92000
466 71000
778 57000
4946 64000
1693 68000
3345 45000
3525 36000
4827 100000
957 19000
151 63000
1922 45000
1804 25000
2194 53000
8384 91000
466 73000
386 15000
4198 95000
3752 75000
6581 67000
2490 35000
1755 81000
1523 43000
3338 65000
4111 50000
6752 99000
3124 40000
4218 99000
5892 73000
955 72000
1853 33000
422 79000
2007 34000
167 12000
1237 13000
3745 51000
816 47000
3293 75000
1441 23000
3615 96000
3658 53000
2770 30000
27 21000
3308 42000
2190 68000
7041 72000
2102 76000
