1127 27000
3025 39000
527 19000
2510 27000
1822 81000
4028 58000
707 43000
1694 44000
998 34000
3721 93000
1580 52000
887 100000
2129 50000
5532 58000
3478 71000
290 22000
244 34000
520 21000
2561 29000
2750 54000
1970 27000
2298 38000
62 12000
1387 39000
1676 56000
907 40000
1111 12000
845 11000
6905 78000
1922 34000
5927 65000
561 94000
2627 83000
1715 47000
920 98000
3344 40000
2623 39000
392 14000
127 12000
2102 37000
8016 89000
313 39000
2202 49000
1012 15000
1129 27000
675 32000
4993 56000
6290 65000
1757 22000
2455 32000
3916 57000
992 11000
43 33000
2830 52000
2701 44000
5895 63000
1607 75000
577 42000
5374 98000
702 44000
664 42000
692 68000
755 80000
1005 16000
5074 88000
683 97000
126 41000
1272 13000
3619 54000
7177 82000
416 12000
691 33000
3302 61000
3942 55000
517 70000
9476 98000
5073 91000
6671 100000
433 60000
3520 47000
204 10000
2712 44000
2890 99000
1988 55000
739 32000
959 54000
4063 56000
3830 79000
2641 28000
8472 92000
1787 24000
536 18000
542 80000
700 83000
7370 93000
711 58000
2894 36000
2941 38000
2968 64000
3746 65000
1149 55000
4899 63000
3614 59000
6364 82000
4305 96000
2006 97000
3830 48000
3128 92000
2875 44000
1096 26000
4488 63000
568 14000
657 98000
1068 47000
1282 84000
608 12000
6156 94000
3778 80000
2681 74000
73 72000
1981 32000
2093 99000
1694 61000
3284 55000
892 27000
5036 52000
6928 96000
2086 24000
398 26000
2184 74000
456 84000
2378 61000
5094 63000
8306 88000
1994 55000
3229 33000
1913 28000
2678 92000
2269 98000
914 58000
762 64000
4242 64000
2760 50000
2156 51000
6132 98000
4312 98000
163 64000
3057 67000
465 64000
3395 39000
1600 59000
1972 28000
6768 72000
215 52000
7851 83000
145 20000
3048 36000
4722 89000
510 18000
155 11000
4327 57000
1498 15000
3325 50000
807 63000
1847 62000
2564 83000
867 17000
581 79000
805 61000
1002 27000
