142 33000
2414 47000
806 58000
680 23000
594 22000
2972 39000
1042 85000
539 90000
2161 28000
5558 76000
6502 81000
3636 44000
1487 21000
1489 35000
516 14000
455 10000
828 14000
1303 44000
1783 61000
4370 61000
3327 36000
730 14000
507 65000
2443 65000
2646 62000
3237 55000
5592 78000
1988 44000
2947 53000
1496 65000
3298 34000
2265 82000
3166 79000
7413 84000
33 28000
1907 63000
1834 30000
3996 65000
4568 48000
7564 79000
484 14000
3006 51000
6658 73000
5331 60000
5071 51000
1943 23000
1177 26000
3104 44000
2075 50000
7314 74000
7394 92000
4656 95000
4103 92000
3398 73000
1545 25000
