1587 54000
2362 57000
101 73000
3947 69000
971 23000
1122 35000
4069 66000
362 26000
6889 70000
7262 95000
1125 56000
69 10000
4542 78000
489 55000
3063 86000
510 16000
6382 85000
410 21000
5383 70000
845 13000
2579 33000
4371 44000
8583 86000
2924 90000
8468 92000
523 34000
478 19000
258 13000
2228 37000
1909 31000
2214 33000
1958 95000
6776 87000
4194 62000
2741 44000
9029 95000
2797 47000
1201 33000
434 22000
4755 94000
1822 41000
4120 65000
1208 24000
4111 57000
6785 84000
6151 77000
150 11000
5599 56000
143 29000
1709 68000
102 62000
6007 63000
4244 77000
1151 16000
3256 90000
2064 44000
1497 47000
1258 16000
821 15000
