2210 78000
816 25000
1801 28000
4988 57000
4671 95000
242 16000
4270 99000
384 13000
7919 80000
1210 24000
919 60000
8102 82000
5829 63000
483 30000
717 10000
1726 26000
625 34000
8229 88000
6688 84000
4977 62000
180 21000
1146 44000
2128 35000
2863 79000
1728 58000
2843 79000
4571 76000
2903 39000
2142 25000
3960 62000
2730 87000
518 60000
7530 80000
2627 72000
45 14000
3450 55000
2086 46000
3451 46000
793 22000
3677 37000
4120 78000
5631 64000
1254 15000
1143 37000
3008 40000
152 21000
2947 100000
5636 92000
5341 58000
1983 25000
1540 53000
4036 71000
657 17000
4755 74000
118 92000
854 32000
658 14000
1504 93000
3163 48000
4332 100000
1940 28000
865 43000
1061 16000
782 36000
3057 74000
98 15000
6844 98000
3362 81000
1413 87000
1631 41000
1778 88000
2509 96000
98 13000
2406 58000
2674 28000
2854 45000
1325 18000
3658 67000
1238 20000
1219 53000
997 12000
3262 75000
1070 12000
2966 34000
1786 74000
3413 37000
1188 23000
6989 87000
9749 98000
1197 61000
4157 45000
5152 94000
3734 91000
6422 96000
4985 56000
1712 68000
146 26000
619 35000
8617 97000
7690 84000
7876 88000
6106 67000
1210 14000
796 40000
7147 81000
2657 51000
283 23000
2665 44000
6646 74000
8477 98000
6176 69000
2215 38000
6446 77000
1699 78000
740 91000
231 24000
6817 79000
3218 59000
1473 87000
3319 52000
7890 80000
971 84000
3273 34000
3246 61000
828 15000
3150 33000
1700 22000
1029 95000
1302 19000
2325 40000
257 34000
