7649 100000
22 12000
9043 96000
7427 93000
4207 70000
839 86000
2454 72000
1290 58000
1334 24000
1172 58000
346 55000
4735 76000
1353 19000
448 27000
8220 94000
1605 63000
855 22000
484 22000
974 79000
397 16000
63 47000
8335 92000
3375 42000
4073 97000
6247 63000
1227 26000
4762 81000
4072 44000
724 11000
1587 16000
5792 64000
3264 58000
341 23000
1694 17000
4558 68000
3599 71000
5280 97000
2238 34000
2673 90000
103 14000
5815 59000
2944 37000
1148 32000
1301 44000
72 13000
3482 44000
321 18000
3065 76000
2317 29000
3985 89000
747 16000
2338 25000
5198 82000
910 14000
860 39000
878 17000
1726 25000
110 81000
2842 30000
4492 74000
168 19000
2994 61000
658 12000
3518 78000
434 54000
1831 100000
4617 90000
1816 20000
1440 30000
7609 99000
6170 72000
1167 75000
1804 95000
6097 80000
5082 59000
6454 77000
4392 78000
1026 20000
2417 54000
2582 48000
145 12000
8143 88000
752 19000
2923 32000
796 24000
438 13000
125 13000
607 46000
3264 91000
3025 62000
5103 67000
162 10000
517 91000
2753 75000
1678 80000
3898 84000
1086 15000
4084 50000
1061 21000
8801 100000
1250 94000
965 15000
4456 67000
1620 53000
4899 62000
3670 56000
3592 55000
3951 61000
1953 68000
880 15000
3696 47000
540 66000
1177 12000
190 33000
4851 59000
1770 24000
2605 99000
1722 36000
