1676 57000
4457 54000
2513 80000
1921 61000
2643 50000
3439 51000
1079 19000
7820 83000
2503 81000
5442 87000
4171 55000
872 55000
6452 72000
4961 53000
2973 30000
1872 28000
4348 60000
341 93000
4509 72000
2616 66000
6317 94000
5605 95000
20 10000
2644 59000
274 84000
4572 77000
4110 92000
1492 23000
4807 74000
3234 35000
524 13000
625 10000
3742 90000
4950 82000
531 32000
2748 30000
5770 84000
1654 35000
633 42000
3508 70000
1057 11000
872 89000
1653 29000
1246 29000
1778 20000
565 11000
6500 85000
1127 20000
2256 48000
6676 89000
2540 27000
2823 38000
859 25000
3082 92000
1388 48000
607 20000
1879 98000
185 87000
2311 89000
3097 63000
4554 71000
1531 21000
3573 94000
2735 64000
5841 90000
5926 74000
626 19000
3368 58000
4612 53000
1217 56000
1312 19000
3270 38000
1753 62000
989 37000
1967 45000
1036 37000
1316 47000
6139 99000
3767 72000
4595 98000
115 12000
287 98000
3758 54000
7620 79000
2282 31000
8658 99000
7148 76000
4929 60000
1832 61000
1882 65000
5270 91000
3896 96000
1170 15000
2796 81000
164 13000
85 11000
369 46000
267 69000
