740 29000
2459 62000
4887 73000
5461 66000
5109 81000
5658 71000
1815 41000
2065 35000
5973 70000
4260 76000
979 10000
2027 100000
3115 80000
972 26000
5899 67000
821 17000
2598 61000
660 26000
4051 58000
2119 43000
2909 35000
3794 40000
1452 81000
6162 81000
3092 50000
829 11000
9742 100000
8089 81000
2501 61000
437 13000
153 27000
1931 52000
6454 90000
3609 57000
1108 47000
1725 85000
7407 83000
727 22000
5001 83000
1164 80000
6811 78000
351 26000
8105 99000
129 63000
1820 30000
6477 68000
1633 30000
4099 44000
1734 42000
228 43000
3701 74000
803 15000
175 78000
1497 15000
3793 96000
