6275 79000
27 11000
2124 26000
3519 36000
1600 34000
5481 81000
964 40000
4851 66000
366 60000
2163 95000
174 10000
2742 52000
447 12000
798 89000
859 50000
8605 97000
3867 53000
5231 56000
2381 31000
1478 48000
2844 49000
1050 76000
2281 57000
1860 19000
2597 29000
7408 88000
5285 81000
1246 18000
1994 85000
2197 76000
3443 78000
6221 88000
6511 89000
792 15000
876 13000
2348 45000
599 11000
6509 66000
1160 40000
1046 47000
2857 49000
1377 52000
556 35000
2904 47000
4136 87000
6298 96000
1888 23000
1279 35000
2238 42000
8512 92000
1337 23000
8583 87000
1617 23000
2768 61000
4137 77000
