621 20000
4148 52000
6538 68000
6822 73000
6506 78000
6217 74000
478 16000
6998 84000
1948 90000
555 33000
6639 85000
1642 31000
2876 70000
4900 55000
2705 45000
5150 62000
638 89000
528 15000
1049 14000
4372 46000
3610 67000
2982 39000
611 44000
2629 74000
571 15000
3652 83000
241 34000
738 23000
1549 19000
716 12000
1276 40000
2139 28000
1044 51000
1230 34000
7423 85000
1674 21000
6078 99000
8368 87000
6093 65000
4561 95000
2960 46000
9405 97000
2258 25000
324 90000
1680 21000
892 29000
3235 85000
7054 97000
2116 36000
2073 40000
1449 15000
3633 46000
285 14000
1088 13000
1181 12000
2661 31000
3545 36000
194 64000
1341 40000
4525 74000
1372 34000
73 44000
3960 46000
5117 99000
1304 27000
5909 79000
2745 69000
1344 71000
8350 96000
2003 30000
5116 91000
857 12000
2543 28000
2239 55000
8152 88000
932 86000
1689 50000
1041 94000
2885 93000
4134 65000
4850 53000
948 30000
4935 70000
6253 68000
1164 46000
5396 54000
2789 98000
581 11000
698 12000
3026 96000
877 54000
3161 68000
696 11000
1083 14000
3367 44000
4041 78000
4713 49000
5600 59000
530 17000
7925 84000
716 66000
3269 98000
8517 98000
4774 55000
1711 19000
1401 52000
4230 48000
3769 59000
6406 93000
4282 91000
4348 71000
790 19000
4766 62000
4081 70000
2235 53000
7654 78000
1101 22000
2960 40000
1259 60000
3110 45000
