1792 22000
255 24000
7053 75000
934 33000
350 60000
8872 97000
617 44000
611 96000
115 38000
5190 100000
2214 57000
400 28000
962 28000
626 14000
3472 55000
850 11000
1308 16000
2996 89000
6701 97000
4270 85000
1676 36000
4254 59000
4883 91000
1484 69000
4807 98000
2916 33000
2844 65000
7496 80000
4699 59000
7711 91000
2818 84000
2961 62000
7476 81000
1796 51000
1224 31000
1175 14000
7079 71000
4755 64000
3698 100000
4791 86000
2361 29000
1495 75000
114 53000
3599 75000
7639 86000
1765 20000
1302 17000
344 95000
3584 61000
2689 58000
3575 64000
717 56000
2996 96000
2418 61000
1984 23000
8013 90000
1905 64000
21 10000
1835 19000
7104 77000
2169 29000
2035 57000
2077 81000
3251 86000
475 67000
4187 84000
5784 58000
4157 50000
928 14000
2438 67000
1510 92000
550 33000
237 10000
5788 87000
8202 98000
1490 19000
1220 29000
71 19000
2270 46000
7615 79000
668 16000
2098 23000
2628 29000
1347 26000
1327 19000
1274 39000
2600 62000
2598 53000
7233 84000
2206 43000
957 56000
88 34000
995 23000
453 12000
808 30000
4350 87000
2762 32000
1229 24000
4799 85000
2046 62000
4433 94000
2110 88000
1612 24000
516 42000
5259 56000
1499 83000
6250 72000
1190 97000
801 15000
3261 79000
3351 38000
4564 53000
6020 80000
4162 56000
465 64000
728 13000
951 15000
270 14000
3363 42000
992 17000
3365 35000
5523 76000
6100 62000
4723 96000
2630 90000
3851 50000
6711 74000
2584 52000
5164 75000
254 33000
1779 37000
3158 99000
4059 75000
3607 80000
1177 87000
2984 57000
4301 59000
3896 50000
4108 50000
5407 71000
5605 83000
6161 72000
5714 58000
904 68000
6981 74000
1225 80000
423 46000
1753 65000
4432 95000
812 50000
2198 25000
11 92000
