2981 40000
2158 24000
504 35000
2188 32000
934 12000
852 16000
2804 47000
5381 68000
6922 74000
2625 51000
7212 76000
3036 47000
6453 72000
819 26000
4552 55000
3135 76000
2353 66000
205 41000
2943 61000
1823 38000
2942 60000
3702 58000
4146 83000
984 14000
1090 75000
2338 55000
2114 70000
1004 37000
5214 98000
785 98000
1720 31000
5060 73000
6664 77000
4636 47000
37 13000
2385 75000
674 14000
4150 48000
936 27000
4666 82000
2857 46000
1929 77000
5440 58000
5732 91000
755 20000
353 14000
7278 81000
2801 30000
2571 92000
1950 27000
1833 81000
3167 37000
3466 38000
328 45000
3065 96000
1283 73000
2391 68000
3340 66000
220 11000
4921 63000
4869 67000
3326 45000
6969 90000
3453 60000
1147 23000
3325 85000
1543 49000
7487 93000
4825 69000
4993 85000
437 69000
3665 90000
259 23000
2580 50000
2085 29000
1210 14000
1469 85000
669 29000
4485 60000
1336 17000
812 14000
5548 56000
2595 78000
1059 41000
3253 33000
451 12000
3910 93000
5133 63000
942 14000
2837 49000
7058 92000
401 26000
69 11000
139 10000
