353 70000
1244 38000
625 35000
463 10000
8195 86000
522 17000
4047 74000
3538 73000
1839 84000
2192 24000
1182 36000
5579 63000
446 58000
1187 32000
4768 58000
3844 75000
36 32000
1750 31000
5727 97000
2279 80000
6916 82000
4046 65000
1643 78000
196 43000
3665 72000
2308 37000
3232 36000
1665 26000
3052 51000
809 15000
1549 41000
7648 99000
3279 38000
241 87000
1820 24000
3525 68000
8806 93000
539 10000
1211 25000
4780 61000
2081 34000
4552 76000
1260 28000
1119 12000
3299 46000
266 54000
991 13000
2209 55000
813 78000
1428 16000
2429 34000
326 37000
5016 67000
1481 88000
461 20000
3912 58000
1340 40000
1407 66000
5260 94000
2539 29000
4740 82000
6391 64000
1621 36000
352 65000
493 31000
1715 24000
3273 33000
6196 90000
52 23000
479 30000
5156 99000
2305 31000
8252 99000
7720 87000
5692 88000
4700 51000
1085 26000
2970 50000
6285 71000
309 51000
1339 17000
915 95000
2239 28000
4853 51000
3130 96000
446 41000
936 37000
1352 88000
253 10000
95 89000
2368 52000
7887 84000
2154 43000
811 48000
3198 48000
1144 49000
1563 39000
5640 67000
1378 27000
3151 55000
335 26000
1106 65000
5434 58000
4691 61000
2284 50000
153 17000
5591 86000
5248 77000
4332 70000
1584 67000
1111 20000
2441 64000
344 35000
3614 38000
2391 24000
413 33000
5612 58000
7504 86000
7402 98000
428 20000
5360 90000
900 83000
2065 45000
7569 82000
4817 53000
1422 29000
104 16000
862 79000
1361 16000
1045 32000
1208 61000
2580 94000
827 42000
1643 59000
3689 41000
3666 58000
3550 36000
68 56000
361 72000
0 11000
