1452 34000
2824 30000
1528 16000
8162 100000
3995 44000
2756 94000
3566 60000
3234 91000
249 14000
4645 96000
3282 40000
804 21000
5355 88000
9713 99000
162 56000
835 25000
544 89000
1176 12000
2927 51000
1125 14000
1045 98000
293 31000
152 15000
5574 63000
4627 91000
1883 21000
661 68000
2949 32000
2004 43000
633 12000
179 11000
910 84000
3036 40000
1739 91000
661 32000
584 74000
2546 49000
730 34000
7103 89000
6303 95000
6258 100000
8573 93000
4658 58000
1789 90000
4783 51000
2038 31000
5135 54000
1032 31000
1076 37000
580 43000
2316 34000
1526 55000
284 56000
355 27000
4493 55000
3814 80000
1245 28000
1017 14000
5888 96000
82 30000
610 13000
1182 47000
1625 85000
506 23000
711 12000
3309 55000
1805 33000
890 55000
5144 53000
2380 59000
865 11000
164 17000
4678 77000
3269 75000
3671 75000
3382 54000
5668 80000
2600 96000
1851 74000
3516 54000
544 58000
3240 44000
1625 63000
2515 95000
2606 36000
1896 33000
1445 37000
2017 53000
989 36000
2005 55000
1401 63000
3450 98000
1700 36000
3490 58000
796 92000
4877 85000
265 13000
6744 90000
864 30000
4164 68000
3678 50000
2036 92000
1080 76000
4321 95000
456 23000
8062 97000
2701 80000
819 85000
2002 30000
112 30000
3903 92000
4835 55000
763 71000
3475 81000
2235 72000
475 17000
1024 18000
3221 92000
311 54000
1033 15000
4734 72000
7049 78000
9337 94000
3917 80000
2686 43000
976 12000
2358 30000
6604 92000
1843 74000
6481 76000
2670 28000
4605 69000
3954 90000
292 12000
1871 43000
2533 26000
1566 27000
234 57000
139 70000
2050 50000
4714 96000
2640 47000
737 22000
1326 22000
2365 84000
382 13000
2126 77000
