547 11000
1478 16000
3748 50000
3195 75000
2693 94000
5309 95000
8102 97000
376 84000
1558 61000
4626 87000
4895 73000
4332 88000
8675 98000
658 21000
3571 95000
5412 63000
1709 19000
5669 79000
3763 85000
3303 61000
319 27000
4882 84000
1687 34000
488 58000
4181 73000
265 13000
824 17000
2589 32000
2930 98000
3849 62000
4165 49000
687 13000
441 25000
3808 55000
564 15000
1028 24000
6087 99000
101 68000
2236 26000
1658 31000
2485 25000
1674 22000
4359 50000
5921 92000
2338 33000
2033 55000
207 16000
154 17000
3667 86000
1599 35000
1677 18000
374 93000
808 96000
1420 49000
288 34000
4992 63000
115 20000
1044 53000
2961 69000
1841 33000
560 13000
