2175 88000
3066 52000
4083 77000
6357 72000
2303 44000
4145 50000
4850 57000
3242 71000
1472 30000
974 63000
1413 98000
1879 20000
8635 94000
2295 47000
6191 81000
3740 63000
2118 40000
4580 84000
1597 99000
3259 34000
975 78000
3893 58000
1761 77000
1050 86000
7145 80000
1820 54000
7381 84000
283 89000
3754 45000
2680 76000
669 48000
189 53000
5384 70000
389 66000
968 34000
1283 18000
6099 82000
6787 78000
4492 66000
5593 96000
2237 38000
1175 14000
306 68000
3246 56000
1580 24000
4909 61000
4324 92000
4138 47000
576 31000
876 56000
5370 76000
168 91000
3664 48000
1715 47000
2909 38000
8417 96000
2298 26000
4126 67000
126 64000
168 19000
3515 72000
1802 79000
6058 82000
2207 35000
760 18000
3330 87000
7368 77000
2841 73000
1226 36000
2089 90000
6170 74000
108 37000
409 13000
713 29000
5995 82000
3950 92000
576 96000
461 37000
4172 98000
2579 26000
664 11000
977 15000
1247 15000
4483 57000
1626 47000
6794 68000
7498 95000
2832 30000
6457 93000
1424 40000
6234 90000
635 23000
685 95000
4446 64000
2020 32000
3654 38000
4086 57000
6800 87000
3212 97000
1997 28000
178 44000
2084 21000
617 49000
2679 32000
3327 60000
782 11000
7378 93000
3095 65000
2580 43000
1447 74000
927 47000
2636 61000
6149 67000
6616 82000
4246 67000
2417 58000
3544 93000
1993 23000
4879 89000
2625 42000
4206 100000
526 14000
3275 63000
5322 57000
318 53000
4791 84000
1657 44000
6344 65000
360 13000
4372 84000
879 63000
4731 92000
3470 54000
1452 97000
2278 46000
2427 53000
2611 31000
1108 68000
3196 79000
1228 15000
1939 89000
2686 47000
1372 25000
2705 39000
3071 33000
2411 48000
1964 29000
1532 37000
2868 81000
3420 94000
1415 32000
531 35000
1174 61000
