3617 58000
1912 93000
2141 63000
4865 84000
298 27000
1318 37000
7934 97000
1210 18000
4262 53000
206 92000
2424 51000
462 12000
8814 93000
5843 92000
7141 80000
4520 70000
894 11000
5236 100000
2180 87000
3743 40000
2208 89000
2287 35000
6982 80000
1882 23000
372 15000
2049 54000
870 49000
170 50000
2522 44000
3872 69000
408 15000
856 93000
5911 60000
1148 71000
3550 63000
1895 48000
672 23000
2138 44000
1170 65000
589 20000
6936 70000
2417 76000
4805 72000
2182 35000
1527 61000
2560 94000
7061 95000
2854 48000
1384 45000
6833 81000
91 55000
522 69000
1244 84000
3871 81000
1705 32000
4312 91000
2318 38000
265 22000
8044 86000
3518 46000
3039 32000
1807 45000
341 37000
5911 61000
305 18000
208 28000
1187 14000
8657 93000
3360 67000
1772 69000
4602 84000
2569 54000
3339 35000
7407 88000
117 99000
1176 97000
5632 64000
7057 80000
1992 76000
4514 74000
797 31000
141 16000
1216 45000
3907 61000
2382 35000
1669 36000
5959 66000
7195 81000
7271 86000
318 31000
3377 42000
2456 27000
5126 78000
6952 71000
2445 53000
540 20000
4090 85000
1540 42000
5547 86000
2131 24000
765 100000
6061 75000
2966 40000
5329 81000
5500 86000
1665 88000
1991 62000
276 21000
4180 47000
2550 59000
1009 14000
3190 66000
6674 85000
8264 98000
1220 36000
3199 68000
