1941 42000
5732 70000
108 17000
3063 50000
117 58000
4869 75000
1676 28000
1828 88000
2005 85000
5477 74000
606 51000
437 34000
3507 84000
1175 28000
2437 28000
797 65000
1213 92000
3924 81000
3166 51000
5673 89000
685 42000
1244 13000
2420 26000
84 29000
4061 59000
4193 50000
5201 67000
652 10000
3353 56000
1961 28000
9742 99000
157 19000
1731 66000
8833 92000
856 16000
7838 93000
1667 99000
4930 51000
3555 100000
3258 96000
1961 42000
4526 52000
3418 96000
2821 91000
1380 45000
2562 41000
2708 29000
1827 81000
1174 26000
234 62000
5289 89000
7342 91000
1170 56000
4616 48000
4053 99000
895 37000
3106 35000
1679 81000
1992 32000
1434 28000
163 33000
1583 33000
353 51000
985 11000
1551 42000
5769 64000
2353 60000
981 16000
4589 57000
6820 97000
895 49000
2329 84000
3345 53000
202 18000
963 49000
1341 23000
709 24000
5564 68000
1847 74000
357 10000
5399 72000
4588 46000
664 49000
1060 34000
3780 47000
866 24000
550 24000
1182 21000
3058 72000
9164 98000
4865 65000
755 63000
422 10000
741 11000
3724 62000
1039 11000
194 88000
1451 41000
5167 85000
100 72000
3247 42000
