2499 29000
4049 42000
929 28000
5763 72000
1623 26000
286 15000
3814 78000
3691 58000
6836 70000
295 96000
5521 65000
798 27000
2864 51000
28 20000
1533 39000
4093 60000
8839 89000
1268 28000
25 14000
4538 72000
893 13000
1963 54000
6155 70000
280 10000
2427 40000
1659 87000
6724 69000
387 57000
1120 44000
903 75000
462 18000
454 22000
1592 18000
348 26000
2594 44000
5248 58000
2169 52000
1768 86000
2829 32000
184 22000
422 29000
1860 44000
3938 54000
2070 27000
1519 40000
603 81000
2239 47000
4880 91000
3049 68000
2515 59000
5058 94000
1180 13000
895 30000
465 95000
3832 40000
1925 97000
4667 85000
192 11000
6808 83000
3633 83000
7216 97000
2800 91000
272 14000
2452 43000
562 56000
2106 98000
2676 52000
7911 83000
2390 36000
8370 100000
680 55000
3223 34000
1558 54000
2067 75000
999 37000
253 58000
6591 69000
6715 98000
6525 90000
1802 32000
7421 89000
629 96000
