2951 84000
3796 71000
3859 57000
1196 38000
1049 78000
3014 73000
2185 42000
1623 49000
6178 67000
4306 86000
4549 90000
2345 25000
2905 40000
2113 52000
3133 48000
950 37000
1454 18000
1359 25000
5284 93000
7280 88000
701 28000
1579 56000
485 67000
983 65000
5712 65000
1224 20000
3724 72000
5656 84000
1963 41000
2460 42000
383 52000
8390 96000
3021 34000
1953 34000
1783 71000
513 27000
8084 88000
3955 48000
6815 90000
8394 95000
3689 55000
2317 80000
171 38000
1405 35000
2005 43000
4426 56000
2563 27000
55 41000
261 14000
671 68000
490 26000
1145 59000
5662 80000
8209 96000
1593 16000
1347 33000
779 81000
2537 89000
4900 61000
1302 16000
673 63000
1809 30000
5761 71000
710 13000
3028 41000
4013 61000
6451 81000
111 50000
3039 48000
3168 98000
4574 73000
1197 14000
204 23000
1433 38000
6763 74000
570 36000
4670 56000
2102 34000
2627 56000
3648 68000
4080 94000
1947 33000
8367 97000
910 19000
840 74000
906 27000
4902 67000
230 19000
1122 39000
2574 89000
3326 38000
5482 59000
2697 97000
2008 37000
6621 96000
1935 56000
3979 59000
6790 99000
2886 49000
523 10000
2384 91000
1082 28000
3459 65000
156 10000
6049 98000
2050 30000
1628 20000
2636 46000
2297 51000
6493 87000
85 16000
6011 76000
2665 40000
4085 77000
901 92000
2573 28000
5996 90000
4283 47000
668 36000
4746 79000
5587 77000
722 32000
4933 80000
1607 34000
899 42000
7355 100000
997 23000
531 14000
754 40000
2345 29000
4983 89000
1643 17000
1916 62000
321 60000
3502 54000
