1574 21000
2499 66000
2443 81000
128 44000
2308 47000
4530 49000
4177 93000
3231 67000
5600 66000
2498 69000
1827 59000
2701 87000
4512 61000
6848 77000
644 28000
2497 65000
4723 79000
998 11000
1267 34000
8667 92000
5250 95000
1815 62000
4695 56000
1534 83000
4237 100000
1408 34000
2150 50000
1640 81000
1201 31000
3981 93000
2415 36000
4490 76000
329 43000
6698 74000
59 34000
6180 77000
6263 74000
1831 95000
2188 44000
7878 87000
4635 73000
2004 93000
1024 43000
4078 88000
6659 94000
80 21000
3295 96000
8747 88000
1472 15000
3919 58000
1481 41000
2702 40000
2548 39000
2805 68000
2264 23000
307 29000
764 76000
2767 74000
2060 60000
1250 37000
