4696 72000
2350 30000
274 12000
2250 36000
4514 88000
2996 52000
2742 33000
604 28000
1976 20000
3759 38000
4012 43000
759 35000
600 73000
8891 97000
2034 76000
4198 98000
2430 98000
3273 85000
355 75000
2586 54000
4167 64000
3290 98000
711 23000
5267 100000
2171 40000
1868 21000
3991 50000
3522 90000
140 25000
1241 48000
742 20000
3412 61000
7673 84000
3409 96000
2032 38000
3513 72000
1488 34000
1067 11000
5403 55000
3851 67000
3015 32000
2226 34000
922 10000
1386 21000
942 28000
515 16000
737 43000
6169 77000
4460 46000
362 11000
1824 33000
5313 64000
1779 19000
1144 20000
2075 24000
3073 90000
5205 64000
5165 81000
4387 53000
2428 38000
1575 37000
2444 87000
4538 50000
2173 35000
295 40000
4763 72000
5904 85000
2668 55000
135 31000
7304 76000
478 32000
5299 99000
2295 70000
1239 19000
1799 56000
4988 53000
4422 58000
1871 49000
4904 64000
3234 37000
5161 100000
7167 78000
4704 77000
3711 39000
2299 34000
3043 84000
7098 87000
1241 33000
5860 74000
4770 57000
6386 88000
1048 65000
3909 48000
837 50000
1196 15000
1342 30000
2768 50000
4471 64000
3723 66000
1305 22000
565 31000
1431 52000
3173 47000
244 10000
322 57000
5554 72000
1020 18000
6068 79000
798 15000
903 96000
2891 39000
1447 43000
1154 54000
338 10000
3266 49000
851 88000
3243 79000
1451 54000
2996 33000
1002 21000
1591 75000
2008 37000
3209 85000
542 11000
360 24000
6202 65000
1064 30000
631 11000
