1655 18000
3668 56000
969 53000
7030 79000
5716 86000
93 24000
1288 57000
1203 45000
1243 71000
1825 38000
6176 93000
4796 60000
2089 39000
1281 26000
430 30000
3262 70000
7062 85000
4344 64000
3915 52000
5809 80000
1676 17000
2690 56000
2077 37000
4340 57000
9497 97000
3280 50000
1309 32000
1543 31000
1809 62000
1484 38000
2284 29000
1250 29000
1552 60000
563 22000
435 26000
721 18000
3766 39000
1598 77000
3614 58000
477 23000
1199 19000
756 16000
181 84000
1416 83000
3187 42000
328 19000
4320 80000
6056 90000
4479 77000
155 14000
4698 65000
84 23000
838 12000
1923 83000
2673 44000
170 12000
6633 75000
5091 88000
5889 86000
380 30000
1036 29000
1420 22000
516 32000
730 55000
6875 82000
1405 24000
619 80000
791 39000
4674 80000
5034 99000
124 13000
5544 72000
52 20000
2198 83000
3960 68000
1712 41000
1614 20000
3565 95000
340 11000
1156 34000
457 41000
1826 28000
5745 64000
4495 78000
4315 96000
2770 33000
4527 100000
345 24000
2652 27000
1324 35000
248 12000
89 35000
2948 30000
1584 42000
4068 84000
2008 93000
5611 82000
1475 80000
1407 26000
1210 17000
1836 43000
806 15000
1213 19000
4338 64000
1090 17000
318 60000
2540 26000
4722 89000
7033 82000
3456 42000
216 12000
516 46000
142 20000
2722 52000
211 10000
2973 84000
1755 49000
2817 33000
1037 14000
2821 35000
1039 21000
728 89000
1729 35000
2449 28000
223 21000
3852 67000
89 31000
1114 48000
4039 93000
942 41000
165 10000
3899 65000
1252 31000
1552 38000
4055 60000
1576 58000
2807 78000
6124 62000
944 46000
1545 41000
1597 77000
9140 97000
6205 98000
611 15000
437 86000
4195 94000
9259 96000
183 32000
70 36000
636 39000
