6281 65000
4799 75000
5378 80000
4997 50000
496 46000
5180 65000
4812 68000
762 33000
1832 40000
1060 20000
634 30000
1245 26000
6855 74000
2011 27000
7277 73000
1213 24000
761 15000
1279 65000
957 19000
1963 21000
1887 27000
1053 42000
1868 38000
2169 36000
99 24000
857 21000
454 37000
1985 24000
1370 32000
1100 26000
343 12000
8291 99000
6088 91000
696 26000
1208 51000
8283 84000
3627 44000
1774 70000
8321 88000
8742 99000
1846 38000
3943 60000
1140 17000
1113 22000
991 96000
1577 28000
1861 27000
4571 70000
1835 30000
6188 79000
7380 80000
3254 83000
3455 95000
