5038 94000
4607 73000
2384 52000
5365 83000
1162 98000
2680 28000
1414 18000
5418 90000
1672 58000
1434 47000
1249 18000
5483 85000
4477 74000
191 19000
2502 89000
8500 91000
4959 77000
1623 26000
695 16000
4312 82000
826 42000
833 29000
864 64000
3151 38000
1474 20000
1070 37000
169 23000
8681 98000
4204 86000
363 12000
1263 13000
2826 91000
1139 31000
162 16000
1520 98000
3017 51000
212 46000
1012 20000
2670 31000
1994 54000
1258 21000
2103 44000
1024 34000
700 17000
2804 62000
2245 51000
5109 69000
248 75000
1813 72000
510 70000
643 28000
831 14000
305 52000
4123 85000
3332 38000
3016 77000
923 14000
5027 74000
3867 61000
5020 61000
1159 30000
1042 69000
5983 75000
1084 17000
2547 42000
281 50000
1776 43000
1255 95000
2977 56000
7190 73000
6064 82000
765 11000
1056 53000
4284 65000
579 72000
1668 85000
2130 23000
904 99000
4640 65000
7863 85000
1978 55000
713 22000
3111 38000
2213 87000
7166 99000
2472 89000
4581 51000
3775 95000
6615 73000
2199 91000
964 16000
1981 86000
377 66000
1011 60000
2321 48000
7277 78000
1080 33000
5001 56000
956 40000
349 32000
1332 45000
5960 84000
690 54000
4541 62000
2722 30000
221 72000
387 21000
4648 49000
1532 19000
3367 44000
2338 35000
2315 70000
3363 79000
3228 88000
2551 57000
1294 24000
2853 34000
4576 80000
2357 74000
7429 84000
2582 44000
3894 48000
