529 34000
8176 95000
2650 69000
555 38000
545 67000
3080 52000
6844 77000
2112 82000
1512 52000
73 22000
5971 87000
1161 33000
1982 62000
356 87000
1594 83000
1601 19000
1115 91000
951 17000
1482 66000
4587 85000
1096 52000
1139 53000
3508 38000
177 24000
512 11000
4090 48000
41 22000
7385 84000
566 41000
3032 40000
1076 26000
830 85000
4934 60000
1866 39000
243 12000
1629 44000
162 64000
2362 45000
6774 96000
7486 76000
7693 99000
5037 63000
7445 88000
3064 32000
2532 38000
4754 88000
635 57000
1384 85000
1271 29000
2362 45000
581 12000
694 22000
2068 91000
866 12000
6259 67000
1506 36000
1519 30000
190 35000
1079 26000
2551 56000
1286 13000
615 37000
1889 76000
2897 49000
3912 61000
261 19000
3493 61000
1072 23000
3098 72000
2742 86000
29 12000
416 33000
4491 74000
7891 90000
1629 20000
2633 91000
688 57000
7117 82000
1888 83000
2542 66000
849 73000
3019 80000
3409 41000
1555 38000
7922 90000
7045 76000
3302 48000
3930 69000
510 82000
3135 66000
4071 89000
2006 55000
2530 28000
2989 50000
3261 41000
3375 99000
2621 82000
7785 79000
3302 46000
2349 69000
870 21000
3331 41000
991 16000
4138 89000
4022 42000
185 10000
2113 49000
1105 16000
2700 89000
2457 74000
5522 75000
3704 55000
733 38000
4661 49000
2776 78000
6724 91000
1536 45000
1513 51000
193 41000
3099 36000
6111 67000
6036 74000
6727 75000
814 43000
1747 20000
2116 44000
1310 90000
6867 70000
3265 96000
160 22000
6426 69000
2453 61000
1221 27000
600 56000
3075 36000
387 10000
2442 52000
1389 22000
4883 93000
1980 20000
1810 53000
1867 19000
1411 29000
1076 51000
234 13000
2485 36000
1119 98000
2617 80000
4130 78000
3097 31000
491 40000
480 64000
5264 83000
4614 96000
160 55000
1506 58000
3166 92000
2052 72000
1455 31000
5926 68000
1424 16000
2278 95000
1021 47000
7948 96000
1677 88000
906 73000
97 60000
77 15000
