218 52000
5590 64000
6697 93000
3455 36000
1827 27000
8580 90000
1679 28000
7059 88000
3895 53000
5231 70000
3226 35000
575 95000
978 17000
5080 69000
3142 50000
555 26000
952 38000
1733 29000
9131 94000
1806 29000
4747 66000
5826 91000
7206 91000
265 33000
2731 41000
880 20000
3858 68000
2075 77000
710 21000
1270 99000
618 12000
205 17000
4442 56000
5862 70000
3370 42000
2718 99000
2556 47000
9213 93000
3235 49000
7935 83000
1797 79000
2509 34000
1849 57000
7334 87000
5798 78000
4704 59000
157 27000
1381 78000
380 92000
2082 24000
3739 60000
875 22000
756 47000
1577 36000
743 58000
5981 90000
3947 68000
472 55000
8722 100000
1674 20000
264 23000
3438 95000
5395 70000
3152 36000
2878 50000
6651 74000
585 43000
1851 25000
102 12000
1440 41000
5818 68000
606 85000
348 24000
872 29000
6683 78000
7399 80000
1169 12000
3780 46000
1096 25000
1881 21000
2641 82000
6153 85000
3095 53000
1076 12000
7543 79000
307 80000
501 76000
6749 75000
1437 24000
7025 94000
2016 64000
801 24000
4552 74000
1503 28000
6046 93000
4386 83000
4010 77000
2508 27000
3409 100000
1609 19000
5369 74000
9186 100000
3002 54000
352 41000
2314 63000
3492 47000
3833 80000
1954 24000
6168 84000
1790 20000
126 11000
1126 13000
991 11000
936 96000
3083 94000
1337 21000
1373 85000
2551 35000
1697 77000
1416 59000
1629 25000
1849 60000
4961 61000
1835 39000
8513 87000
4706 60000
1082 44000
5498 66000
2285 48000
2916 96000
3549 89000
2376 45000
5282 58000
3531 68000
304 14000
4921 69000
7928 99000
5982 67000
468 13000
2058 24000
1036 35000
71 31000
4415 61000
1413 67000
