2013 78000
2879 36000
2698 50000
2813 60000
3581 41000
3193 58000
1964 89000
8228 85000
3516 40000
1401 36000
1324 14000
7182 87000
1937 48000
6082 63000
2981 50000
272 17000
3819 61000
7612 94000
705 18000
4042 43000
538 28000
4621 58000
1120 84000
1603 24000
1723 36000
523 35000
573 15000
3601 73000
3294 79000
2898 55000
5875 86000
4062 48000
2498 45000
307 17000
1116 23000
1384 29000
3408 42000
747 41000
3612 39000
4138 78000
615 20000
654 12000
718 35000
5940 73000
2499 51000
4876 58000
3796 52000
1994 94000
3315 53000
1616 20000
5986 78000
242 40000
358 41000
766 85000
76 47000
1989 25000
245 31000
