394 21000
613 35000
2425 48000
2776 28000
2353 45000
601 28000
3499 100000
5376 81000
6210 73000
4279 73000
576 29000
2614 59000
118 67000
4467 76000
7066 79000
3500 70000
1397 17000
1653 33000
297 14000
3602 61000
3056 34000
4722 67000
2341 46000
1691 22000
5920 76000
3548 74000
79 55000
1505 70000
2008 75000
3627 46000
2046 40000
1961 51000
1558 18000
2085 40000
1206 29000
1063 44000
3574 86000
3836 58000
1826 22000
690 91000
1220 41000
4070 68000
275 18000
4940 85000
3696 84000
2284 46000
1950 42000
969 26000
761 44000
3670 54000
4838 90000
1672 75000
2580 65000
2621 28000
6538 80000
358 25000
270 55000
580 94000
6479 87000
3721 90000
360 10000
939 88000
207 11000
2954 50000
1005 35000
1576 20000
1086 30000
4826 84000
1049 56000
4714 81000
2437 46000
1847 24000
3805 57000
7293 99000
1609 35000
287 76000
1237 47000
4024 82000
2751 48000
3663 43000
1732 63000
1638 22000
1169 22000
1656 55000
