4843 89000
1217 47000
7725 95000
1134 37000
3358 62000
1874 56000
497 14000
2062 98000
1890 55000
126 44000
809 45000
863 54000
244 89000
4552 98000
1505 33000
4968 55000
4419 62000
5319 80000
130 12000
700 10000
2042 52000
1421 39000
1772 18000
3293 48000
3278 48000
1532 56000
3065 43000
1948 22000
4096 48000
3071 31000
5794 91000
3135 96000
534 46000
6571 99000
3932 40000
1260 56000
6382 76000
587 59000
1226 53000
2329 56000
1566 85000
3298 85000
4504 96000
4533 98000
1691 26000
1233 69000
2159 54000
4232 100000
1439 98000
2627 49000
130 29000
1485 84000
867 15000
4318 44000
2111 70000
5944 93000
8495 96000
910 16000
2003 43000
2807 35000
719 12000
80 14000
1167 23000
2850 74000
490 37000
3988 63000
7354 78000
595 23000
1999 66000
1143 25000
747 16000
7234 81000
616 19000
1637 23000
5336 57000
2658 77000
304 16000
1101 83000
2030 38000
853 93000
4531 81000
401 25000
2847 89000
2357 70000
7356 80000
999 34000
1122 73000
485 56000
1686 34000
3611 61000
3342 43000
1836 25000
654 48000
1595 25000
800 82000
1607 18000
1623 67000
644 85000
1691 29000
1914 38000
2603 29000
157 54000
2421 55000
3399 52000
5658 84000
192 11000
2307 78000
633 11000
