6957 86000
3251 87000
2234 61000
959 21000
5443 64000
2022 67000
226 62000
2613 44000
2413 96000
8014 83000
2524 71000
4416 72000
6274 65000
574 97000
2516 38000
193 40000
664 10000
5682 92000
6045 79000
5490 55000
1550 36000
1627 99000
3270 75000
7507 98000
1364 22000
744 32000
4304 90000
745 16000
5486 91000
1462 33000
1758 28000
980 23000
4053 95000
2367 35000
2245 31000
2940 55000
1857 76000
3593 41000
38 10000
1391 44000
1835 42000
2638 33000
4786 60000
6297 71000
527 29000
919 14000
2543 96000
3624 47000
7491 80000
1381 70000
1374 32000
2370 54000
555 46000
3878 96000
1795 38000
2535 78000
1565 47000
5182 80000
3789 39000
366 45000
177 14000
350 57000
3807 86000
1256 30000
3492 37000
3575 41000
152 81000
2743 36000
701 18000
1274 17000
3949 80000
1805 74000
4166 65000
3355 73000
978 25000
3763 39000
1056 23000
1249 81000
5663 58000
2403 55000
2998 32000
237 99000
8036 81000
1655 68000
4771 66000
9057 95000
771 14000
2816 73000
8419 86000
219 49000
5174 61000
268 90000
5114 78000
4996 94000
3048 52000
1899 43000
1568 75000
4203 99000
