1704 73000
6552 87000
2227 52000
300 34000
236 73000
1337 23000
3398 40000
706 67000
9101 99000
5076 52000
762 92000
5443 60000
1881 80000
1593 32000
790 28000
2393 72000
842 23000
2298 76000
621 74000
4248 88000
6568 89000
4960 57000
1424 63000
7073 71000
344 95000
4135 80000
1072 82000
94 78000
245 22000
944 33000
2852 57000
392 60000
5900 90000
8406 95000
90 18000
1535 95000
222 29000
5190 87000
972 47000
468 59000
9450 100000
512 61000
1793 75000
4722 92000
5268 66000
3277 49000
191 39000
7436 99000
551 61000
2622 93000
306 48000
3874 57000
8554 87000
3020 72000
590 17000
2503 58000
2367 59000
1565 56000
8604 94000
4522 54000
506 11000
3772 39000
899 24000
2093 96000
2633 94000
5727 91000
6021 84000
6910 80000
3731 53000
4880 74000
1545 28000
5245 73000
1333 79000
2040 22000
4052 54000
3208 85000
115 24000
7123 94000
1569 40000
1044 34000
2628 65000
446 10000
459 11000
395 11000
2125 97000
921 80000
6883 96000
158 16000
976 10000
1791 37000
3452 37000
683 64000
746 16000
1511 41000
1817 50000
4389 75000
1359 89000
3990 63000
74 48000
4448 94000
2559 38000
1492 39000
171 66000
2061 27000
1595 30000
2826 78000
542 10000
1863 26000
3218 53000
3580 48000
1691 23000
3143 57000
6003 82000
2555 100000
2334 37000
2333 40000
5530 69000
2379 52000
574 17000
5425 58000
4380 85000
6914 85000
3138 53000
41 10000
416 12000
445 22000
748 10000
7871 86000
5304 61000
1218 80000
116 10000
7129 99000
7165 88000
1069 64000
5447 93000
254 38000
514 50000
441 57000
2301 64000
2768 99000
2339 29000
2290 80000
5247 66000
3459 82000
2041 78000
4136 46000
708 57000
2129 87000
1827 73000
2584 49000
1224 52000
4341 87000
465 69000
