8171 100000
954 71000
384 15000
922 98000
5056 59000
1707 45000
856 75000
2317 32000
6979 91000
4187 84000
1635 71000
1558 44000
3147 33000
5778 100000
4729 95000
2422 79000
3762 58000
4517 98000
4232 56000
1517 38000
723 12000
5564 56000
653 21000
756 15000
1132 72000
1968 77000
3096 56000
7469 97000
4640 55000
5150 84000
4487 83000
1925 42000
446 84000
239 57000
1153 65000
683 10000
4183 88000
5522 71000
4517 62000
1897 30000
4281 85000
5051 99000
7747 90000
967 15000
225 14000
3429 74000
93 10000
1757 48000
4868 56000
2440 83000
3498 68000
4196 69000
111 22000
2255 29000
4615 97000
81 30000
1632 18000
666 81000
943 32000
8792 94000
1234 21000
169 76000
2516 51000
2200 92000
1170 12000
4178 97000
2064 57000
1707 35000
5761 85000
1266 82000
2417 100000
6350 66000
3381 52000
1325 33000
2404 26000
5245 58000
5234 72000
1959 38000
5492 69000
903 25000
4094 63000
1771 98000
4282 63000
750 81000
1331 65000
157 14000
3538 73000
905 95000
3048 45000
3977 99000
2436 43000
1720 60000
846 10000
6001 78000
4992 56000
6222 71000
3791 98000
1854 68000
2890 69000
4760 59000
1242 13000
4145 65000
3514 51000
2554 28000
3859 48000
660 100000
2596 26000
427 39000
1286 36000
6027 75000
442 59000
391 64000
3152 55000
2596 59000
756 30000
1923 53000
2461 68000
867 52000
2673 99000
2194 83000
6165 92000
3996 69000
786 11000
4884 53000
3879 86000
3033 92000
279 49000
904 22000
775 86000
2615 84000
1347 20000
8304 87000
1635 44000
3972 46000
559 10000
4213 59000
4871 86000
2890 37000
1289 32000
1318 46000
2644 67000
861 58000
358 89000
2630 31000
6002 68000
1576 16000
2369 64000
2421 98000
7907 88000
5227 96000
8957 99000
613 63000
7745 87000
112 16000
3722 100000
5548 57000
710 12000
1853 95000
2225 41000
142 21000
135 77000
