1388 14000
7874 94000
7719 95000
2061 42000
638 49000
3128 83000
921 71000
375 86000
631 65000
255 17000
1029 28000
2159 65000
6281 98000
1216 18000
3970 43000
1588 38000
4637 79000
1751 30000
4097 60000
1847 69000
3476 49000
3975 59000
1656 46000
6801 70000
2378 55000
6615 69000
741 69000
1758 23000
2282 61000
2381 60000
1859 35000
1870 90000
1301 27000
2811 89000
4764 62000
7909 91000
1832 63000
2013 32000
8027 93000
574 32000
3017 43000
2237 23000
1895 58000
6887 85000
2569 36000
3670 57000
3067 53000
2272 39000
322 71000
384 17000
7391 82000
215 17000
2499 71000
3172 77000
896 51000
6756 99000
1156 24000
55 55000
5022 56000
6558 69000
4529 60000
738 10000
592 86000
237 57000
3615 72000
860 27000
865 66000
1945 66000
5728 80000
6478 80000
5057 85000
3771 46000
3642 52000
1492 74000
3778 87000
357 22000
8904 92000
3220 42000
2260 70000
2934 37000
2070 43000
175 13000
4034 43000
4341 49000
1300 15000
2803 32000
1076 17000
2404 65000
5663 75000
3612 37000
2142 26000
528 10000
2723 47000
