3078 38000
658 55000
2480 85000
1242 85000
2003 98000
2869 57000
3092 38000
307 59000
6631 79000
45 39000
1016 93000
2925 41000
5363 68000
5209 67000
213 51000
2321 25000
49 12000
452 77000
2129 30000
1435 48000
3910 59000
2321 84000
2273 56000
670 46000
8132 88000
311 19000
2146 97000
2537 29000
219 40000
4941 53000
665 60000
785 99000
891 29000
6801 93000
1803 19000
3419 68000
329 18000
793 34000
143 23000
2059 29000
2882 62000
5636 77000
1767 26000
4058 62000
2833 38000
208 34000
8975 93000
840 21000
1969 79000
170 31000
408 20000
519 34000
2311 43000
7009 93000
3388 96000
7338 74000
165 97000
3191 67000
1732 86000
4787 57000
3242 80000
1655 51000
614 69000
4558 48000
1140 24000
626 19000
2228 33000
1342 15000
2252 76000
344 16000
2811 68000
474 57000
7253 99000
2615 30000
2044 24000
1193 41000
280 64000
6473 79000
29 14000
2214 28000
1310 27000
2272 75000
4234 65000
1785 45000
5822 96000
7098 81000
2921 45000
1653 71000
3622 96000
545 26000
1443 65000
6944 70000
6778 84000
543 74000
2482 32000
701 66000
4742 62000
1365 29000
5349 75000
3427 53000
100 32000
3038 94000
6987 83000
7214 81000
126 88000
6285 86000
9370 96000
1027 86000
3172 68000
2360 93000
2230 53000
2129 72000
878 19000
3109 37000
2316 39000
5664 68000
1341 31000
169 99000
1335 30000
907 29000
861 74000
1354 33000
6911 71000
2403 82000
67 22000
924 25000
6032 87000
1467 44000
993 31000
406 39000
3734 53000
5303 58000
7644 97000
2864 70000
7620 82000
1207 18000
149 32000
21 20000
7827 84000
3240 65000
3819 73000
1256 14000
2464 57000
239 63000
4429 45000
1091 37000
5538 65000
3243 37000
