6427 68000
1250 19000
428 10000
1115 72000
3374 67000
877 24000
1636 25000
1801 45000
3688 73000
3902 41000
8491 90000
3086 45000
1237 55000
3558 50000
5390 81000
1716 77000
5240 69000
329 74000
617 42000
4922 51000
104 94000
8303 100000
3369 92000
3826 77000
421 64000
2103 61000
467 24000
4227 52000
1002 38000
1712 41000
4398 71000
3229 38000
670 10000
953 78000
2077 68000
6919 83000
684 27000
1698 48000
2487 38000
3292 86000
5426 81000
775 65000
172 51000
413 21000
3229 36000
162 62000
73 26000
5537 93000
1611 58000
1440 20000
4544 86000
739 14000
150 39000
1668 17000
6719 82000
163 37000
895 11000
631 34000
501 11000
6585 74000
3445 58000
1309 14000
6450 86000
7093 80000
261 27000
1053 33000
199 15000
1005 17000
5288 74000
4068 45000
8814 100000
3309 69000
1435 18000
502 24000
5848 99000
305 19000
5580 66000
1319 66000
5223 72000
4103 74000
