1246 15000
2685 44000
2474 30000
3149 39000
2484 94000
1354 22000
2399 74000
943 49000
548 65000
327 57000
3386 47000
4229 89000
3150 35000
1048 46000
3799 80000
2539 57000
1145 20000
675 14000
1212 31000
5747 71000
3613 93000
2939 71000
4086 56000
2572 97000
2411 38000
1139 52000
5169 72000
2569 35000
1325 23000
4842 90000
3306 41000
1885 31000
386 36000
4042 53000
8040 94000
6213 64000
2940 93000
1882 81000
2404 32000
2758 72000
5977 95000
2336 45000
429 12000
1852 69000
5723 59000
455 43000
1946 73000
1381 91000
776 57000
2154 41000
8036 99000
1443 81000
4045 47000
1354 52000
1137 22000
3454 57000
1292 48000
246 18000
4217 59000
5655 92000
467 51000
3522 93000
386 17000
187 74000
1067 52000
4691 50000
2097 80000
499 30000
2485 84000
6527 88000
1154 16000
1487 68000
3048 64000
2467 31000
3201 95000
6932 90000
1399 69000
5317 61000
1304 18000
2695 28000
1993 83000
5892 71000
1624 68000
667 40000
670 12000
6205 75000
172 31000
2533 49000
2998 80000
1657 50000
348 11000
3982 47000
2316 68000
122 39000
847 82000
2800 57000
940 83000
2672 90000
8799 98000
1413 18000
3228 42000
629 12000
3998 50000
7268 76000
685 63000
954 21000
1816 61000
562 15000
4651 97000
223 26000
621 11000
558 29000
5433 61000
2205 33000
8228 84000
4663 59000
6623 93000
1580 52000
2322 35000
5613 72000
4459 100000
3664 100000
