1223 23000
5715 74000
168 35000
742 12000
5284 88000
1924 51000
2187 25000
1840 86000
3542 59000
374 17000
3399 79000
89 33000
1726 93000
1224 24000
5373 59000
3298 70000
4151 44000
5279 63000
2940 84000
3383 34000
519 71000
2514 33000
971 42000
3358 51000
2403 34000
8178 85000
4918 53000
2319 31000
4678 50000
1707 19000
987 21000
2589 50000
2247 66000
4186 96000
590 63000
3242 70000
764 75000
6145 95000
945 45000
984 16000
3754 39000
8000 97000
3654 51000
432 52000
8549 88000
453 59000
3001 45000
1707 36000
1422 18000
471 48000
685 16000
837 56000
165 16000
1526 61000
5368 60000
1974 22000
2190 77000
946 10000
1068 13000
464 10000
6451 95000
558 18000
4055 54000
341 19000
6464 99000
137 76000
5370 67000
4115 79000
1870 85000
595 41000
933 13000
49 24000
1532 85000
6284 78000
4168 42000
107 22000
2690 78000
1465 25000
184 74000
831 97000
110 13000
1158 99000
1748 85000
8093 86000
1419 53000
1664 17000
5751 73000
5987 80000
1408 32000
15 10000
964 90000
349 11000
734 55000
4305 85000
465 19000
1366 74000
414 54000
1182 43000
78 10000
3306 53000
1587 35000
1639 82000
190 12000
76 20000
2446 81000
616 13000
250 14000
3000 76000
400 71000
530 94000
644 36000
1218 61000
4166 47000
237 35000
2983 66000
739 18000
6211 79000
1096 87000
6458 77000
3482 78000
4462 71000
7627 92000
3363 36000
303 46000
6523 81000
1886 100000
899 22000
856 17000
1047 11000
5891 74000
331 50000
801 97000
227 13000
1792 33000
8683 88000
6412 93000
6611 69000
3781 54000
6878 71000
5085 75000
1204 13000
4852 59000
1290 13000
6111 67000
1434 58000
