2156 46000
80 11000
961 97000
1147 13000
864 61000
2438 48000
7285 81000
4480 55000
4321 83000
2989 66000
7995 80000
1770 34000
269 12000
4406 70000
166 29000
1417 31000
584 24000
4098 81000
2728 38000
129 46000
7987 88000
292 82000
4879 55000
851 31000
7388 99000
2716 37000
1766 94000
3892 42000
1766 34000
2695 73000
7145 91000
941 40000
791 26000
7325 93000
6289 75000
5002 62000
418 37000
7022 76000
4084 44000
3109 45000
4204 45000
922 36000
530 98000
2583 36000
3730 46000
759 10000
3296 59000
268 55000
456 13000
55 17000
3298 100000
8252 95000
8623 94000
3956 40000
3711 44000
3148 69000
1206 79000
2128 44000
5043 55000
6493 98000
5395 75000
1481 57000
2458 40000
161 30000
4426 48000
427 26000
668 28000
8023 90000
1555 26000
2205 38000
4434 56000
1470 73000
1875 28000
1113 29000
4640 85000
3559 61000
243 21000
6794 74000
3740 45000
1655 39000
1148 15000
1179 13000
7717 96000
2303 36000
4818 65000
3227 76000
591 88000
3539 70000
67 13000
1254 44000
2523 48000
3186 51000
3315 94000
1795 36000
2350 37000
3920 52000
608 24000
7638 81000
1826 86000
1231 34000
1781 19000
5486 86000
1743 44000
229 76000
1509 60000
2626 32000
2076 28000
2703 39000
5738 77000
278 16000
1209 36000
116 10000
2150 43000
3932 81000
5775 81000
4687 75000
1993 35000
1396 52000
1579 96000
1937 41000
3894 82000
2943 40000
149 17000
6610 89000
6836 89000
3308 36000
558 23000
3118 33000
5112 88000
548 12000
1824 33000
973 17000
1849 64000
1433 45000
3595 41000
2930 31000
2541 92000
4827 86000
5335 87000
6214 76000
4268 71000
320 35000
418 14000
5126 84000
777 13000
3365 95000
82 12000
808 35000
902 52000
5630 73000
2833 31000
631 59000
1399 29000
