2474 29000
61 31000
1803 49000
842 20000
3201 90000
1373 20000
5067 92000
7132 89000
543 95000
174 10000
2223 50000
1915 74000
3838 72000
2965 39000
742 22000
4520 91000
1009 71000
1558 60000
5406 77000
3930 88000
473 10000
1843 89000
5610 81000
4245 78000
2043 34000
3698 75000
2618 31000
1415 16000
5982 63000
974 78000
1679 55000
428 10000
4718 69000
1734 85000
3300 89000
5316 55000
7905 83000
2047 27000
762 13000
5864 66000
777 17000
8325 87000
1012 15000
2962 48000
2163 62000
1453 26000
128 11000
7069 76000
1149 61000
1041 97000
656 89000
5413 70000
992 37000
4529 46000
8710 99000
102 29000
2572 65000
1474 59000
1864 27000
3344 76000
4614 83000
30 12000
5208 86000
2629 28000
4742 98000
387 11000
5633 69000
2361 37000
3165 88000
2142 32000
912 17000
1466 22000
1527 36000
3881 71000
1529 57000
1344 39000
3425 45000
2610 60000
5114 93000
3705 66000
1838 29000
2374 56000
1060 17000
941 41000
5343 57000
2460 56000
3862 96000
339 84000
1352 23000
4036 46000
1785 30000
314 66000
7366 98000
180 83000
3158 35000
2743 54000
9482 100000
8321 99000
1075 50000
2879 29000
6603 96000
322 33000
1616 21000
2401 57000
1247 64000
477 22000
943 20000
1322 84000
4391 94000
605 63000
1203 35000
3488 45000
804 19000
8551 91000
2713 78000
1688 77000
911 25000
647 14000
6390 73000
2439 25000
7097 94000
3990 44000
6210 80000
2729 28000
3883 55000
3276 84000
2181 64000
3822 84000
3691 91000
1763 85000
5023 73000
1520 19000
484 77000
4616 49000
1881 53000
