1803 67000
2626 38000
1331 59000
2282 99000
2965 47000
1115 30000
4425 52000
677 24000
2672 32000
2908 91000
2484 34000
2286 94000
7128 79000
1638 30000
4752 82000
2413 46000
2146 96000
8089 82000
1303 26000
1968 57000
6478 66000
2061 99000
4874 64000
690 39000
5840 67000
1699 37000
530 80000
3963 40000
6379 84000
107 33000
3108 32000
2352 77000
3609 93000
3107 55000
3896 43000
1433 94000
8926 97000
758 47000
2389 94000
840 29000
929 55000
3100 55000
1729 34000
615 22000
551 10000
514 20000
825 14000
3984 56000
3544 43000
5720 72000
7347 79000
1936 24000
5622 57000
640 46000
366 14000
1769 33000
4724 84000
962 89000
3647 87000
1374 54000
5957 94000
5572 85000
5130 80000
4251 43000
6608 91000
2367 27000
3446 86000
1647 77000
1575 42000
6726 76000
1733 34000
819 68000
3205 65000
5361 57000
696 27000
1275 14000
4120 61000
2740 61000
510 18000
1421 16000
1604 49000
769 22000
2913 70000
260 80000
2150 26000
1886 74000
3251 98000
8420 92000
4283 54000
245 71000
3365 79000
7892 80000
733 36000
1584 59000
3614 81000
4286 92000
1554 30000
1537 40000
154 15000
7102 94000
876 31000
2726 64000
1657 70000
1409 71000
1734 26000
7318 90000
1235 19000
3997 52000
843 54000
1977 30000
6620 84000
2730 34000
7917 99000
661 18000
1315 14000
4698 62000
1635 85000
1305 38000
1643 27000
4945 97000
439 96000
1668 36000
584 29000
2827 88000
1751 38000
4345 57000
5314 65000
8824 99000
2311 27000
1262 92000
1302 31000
4820 65000
2146 22000
745 18000
