88 49000
239 16000
5184 66000
1690 19000
1329 23000
3327 50000
7260 76000
4349 59000
3137 97000
7351 82000
6985 77000
2223 99000
1064 15000
1516 22000
3414 57000
3099 92000
1930 78000
1844 33000
1357 56000
1819 37000
1111 13000
397 92000
2125 47000
1811 47000
265 70000
4715 97000
2447 76000
4103 43000
4529 58000
854 25000
2446 39000
2004 65000
1432 22000
4276 54000
244 11000
2373 36000
1718 29000
6044 74000
2776 77000
9628 100000
357 17000
323 17000
187 52000
1836 36000
3708 47000
592 51000
903 23000
8896 89000
1908 24000
971 65000
2817 71000
8149 84000
1333 70000
996 23000
1159 82000
5827 89000
1523 53000
1071 24000
8056 87000
4997 81000
5051 75000
4184 61000
8761 100000
5949 67000
653 24000
4051 63000
3243 76000
8203 83000
1867 64000
2881 40000
559 17000
2168 31000
988 14000
2967 62000
8224 98000
4099 47000
3539 47000
2738 99000
5723 64000
6834 78000
679 37000
5166 59000
1700 40000
3155 69000
215 51000
1218 14000
4465 71000
4119 59000
1318 71000
5121 77000
736 48000
4407 61000
