900 29000
471 53000
3311 45000
2550 32000
2090 24000
1052 39000
9194 99000
141 20000
855 18000
216 79000
1652 58000
3246 88000
1331 54000
672 35000
1077 11000
3318 90000
2006 41000
4524 59000
2320 64000
3944 49000
3733 90000
4372 56000
6096 99000
4739 49000
3647 37000
3200 65000
1199 22000
3299 77000
715 50000
3461 45000
6718 76000
732 95000
145 88000
3229 63000
2192 28000
719 12000
630 45000
6090 75000
2291 25000
398 14000
3224 35000
4428 79000
6407 85000
7099 90000
2974 63000
169 90000
4342 92000
1388 15000
301 18000
7524 81000
4902 63000
6138 98000
816 23000
1609 33000
3457 54000
3974 55000
328 94000
4753 57000
3686 72000
1378 37000
5887 92000
731 17000
2200 46000
2925 31000
315 19000
4090 70000
1549 21000
531 44000
732 58000
5215 70000
3684 59000
2153 61000
1318 96000
280 22000
1754 52000
898 25000
5535 75000
1912 26000
6817 77000
1033 38000
1457 91000
2712 31000
4154 52000
7824 87000
1273 38000
6467 100000
948 93000
801 38000
1341 30000
4167 79000
149 24000
303 38000
693 52000
523 57000
3749 69000
3588 69000
605 43000
5793 86000
1072 48000
1801 29000
2446 34000
3285 35000
1795 23000
570 17000
791 79000
985 29000
5072 73000
1529 67000
3945 61000
236 10000
678 97000
3652 94000
4105 42000
7172 86000
6632 85000
806 18000
705 17000
2492 39000
2159 44000
2455 29000
5107 90000
2406 27000
7114 72000
545 52000
1820 98000
1501 66000
6985 77000
613 86000
1376 24000
1023 21000
1135 97000
2439 45000
453 46000
360 67000
3260 40000
4046 94000
1991 47000
2180 38000
2017 39000
589 29000
2820 35000
1289 64000
2134 27000
2327 53000
429 19000
513 25000
1946 21000
4295 88000
919 70000
4507 78000
229 12000
318 62000
5084 58000
317 19000
1571 70000
1345 50000
3105 39000
2751 84000
2786 69000
256 44000
3245 55000
1036 15000
2085 83000
5299 78000
339 100000
1628 53000
