4655 93000
2554 98000
7656 83000
2595 30000
1278 55000
1726 66000
986 20000
585 68000
1074 26000
1056 74000
628 19000
3919 57000
600 94000
2166 30000
562 17000
2128 32000
1078 27000
573 76000
338 30000
7809 97000
1652 38000
7706 82000
1401 52000
1243 20000
653 10000
5171 67000
1469 31000
8490 86000
5799 58000
6015 86000
4258 73000
5319 95000
4205 68000
1413 68000
4292 90000
4789 94000
275 54000
686 14000
6063 84000
4963 65000
7437 100000
3995 75000
3246 65000
327 20000
1788 46000
520 96000
4335 61000
873 79000
220 47000
2392 25000
299 56000
318 26000
2059 98000
8323 93000
1072 48000
855 70000
4352 83000
2156 42000
752 38000
3009 95000
5752 74000
1055 99000
3274 69000
6273 90000
3091 39000
3177 50000
5272 75000
1257 19000
444 36000
3673 74000
5625 75000
1641 28000
4577 71000
4647 73000
2972 43000
4057 74000
1677 71000
2909 44000
2927 50000
5610 71000
4497 47000
753 52000
7525 92000
1935 62000
2202 24000
1046 20000
5419 61000
839 15000
2657 47000
646 93000
1675 19000
680 69000
2615 80000
169 16000
4202 80000
5828 94000
1065 24000
2783 65000
1779 44000
5588 64000
3957 55000
1592 34000
1450 63000
1484 42000
3199 69000
789 27000
1038 11000
2525 40000
265 61000
1467 18000
4002 59000
64 27000
5016 66000
2043 32000
114 11000
7365 81000
1327 21000
654 68000
500 37000
944 19000
1409 73000
1237 36000
526 41000
1149 45000
