2820 74000
2108 85000
21 16000
1214 68000
3597 96000
2280 49000
391 14000
5146 92000
5763 85000
371 15000
68 13000
8548 89000
1753 18000
5344 66000
8926 94000
1846 68000
7550 85000
5334 97000
5396 56000
522 14000
3245 71000
1062 40000
2316 51000
1595 97000
757 49000
3538 49000
8269 89000
32 12000
2915 69000
1105 43000
4103 65000
875 49000
7068 83000
955 68000
3731 51000
3192 57000
6573 80000
1263 15000
2272 72000
4007 73000
4453 54000
6372 67000
243 99000
1873 80000
4769 94000
921 87000
2532 79000
6528 85000
5219 54000
5283 83000
1574 33000
4202 96000
186 78000
3555 38000
799 43000
1358 36000
1243 74000
3934 52000
2847 40000
1769 22000
1958 78000
779 10000
1443 50000
3457 35000
1615 77000
204 61000
1650 44000
5191 63000
4458 71000
1057 47000
903 20000
2350 41000
8204 99000
1869 41000
1203 13000
501 63000
8575 90000
3764 49000
2540 28000
3666 60000
5449 99000
4001 58000
1147 40000
4886 66000
4141 71000
1529 72000
8030 95000
6306 73000
3102 41000
2027 50000
4711 64000
364 60000
545 41000
3245 47000
3626 69000
5159 83000
1492 63000
