3343 93000
2423 100000
7422 83000
954 15000
824 10000
7167 77000
1508 25000
2015 81000
2610 32000
1073 61000
1732 91000
1248 27000
1529 59000
4656 97000
6501 76000
3520 81000
85 20000
5608 83000
7333 95000
3936 45000
726 49000
2490 25000
5286 65000
5820 71000
238 18000
637 33000
626 26000
751 45000
2028 59000
7701 82000
1822 64000
1190 12000
248 43000
176 37000
231 27000
181 18000
2690 63000
862 65000
3683 58000
950 43000
1962 37000
4675 62000
561 11000
565 11000
1631 18000
3444 96000
1284 16000
2588 26000
3253 78000
4834 62000
1957 58000
2614 43000
1034 62000
957 21000
4616 85000
1425 74000
3023 41000
3021 51000
1502 68000
6163 100000
819 20000
