350 77000
4531 92000
2935 82000
2189 34000
583 18000
573 57000
5657 63000
2749 34000
4298 76000
2701 39000
191 16000
1474 41000
1257 44000
239 17000
1841 58000
198 46000
2353 30000
1158 27000
1509 53000
3701 61000
4718 75000
1928 73000
3875 72000
1261 45000
514 46000
7443 98000
653 31000
1450 83000
656 40000
3052 68000
3184 98000
763 25000
3674 42000
6614 95000
3117 47000
247 15000
8463 90000
318 99000
1628 72000
4853 50000
7012 98000
825 69000
5159 54000
8254 93000
134 82000
2326 84000
2331 73000
3546 98000
3114 48000
5192 62000
855 38000
2571 36000
7164 90000
7729 83000
844 12000
6507 87000
2418 78000
1868 31000
324 52000
5768 66000
1009 54000
2014 31000
1033 29000
1769 44000
3338 88000
2265 30000
4796 65000
5163 79000
3598 60000
523 21000
4609 79000
6018 73000
5818 98000
4196 90000
2923 38000
5978 89000
1198 16000
240 48000
2588 28000
8429 97000
3436 99000
