4033 45000
1710 56000
803 61000
2200 26000
1289 45000
1091 21000
265 37000
2230 54000
6087 95000
6433 72000
1867 95000
2716 29000
3352 81000
8027 81000
2672 43000
6565 75000
199 13000
419 55000
6400 81000
3149 35000
4613 49000
6144 92000
4775 72000
2712 98000
2362 59000
2228 96000
1944 31000
7986 88000
503 92000
6616 68000
2238 31000
7894 80000
2884 48000
1102 33000
917 60000
134 47000
4226 96000
567 34000
1639 91000
6327 69000
1731 21000
1580 37000
3007 33000
1596 32000
891 20000
2188 29000
479 42000
1329 61000
2939 32000
611 96000
4059 46000
137 51000
7134 96000
8175 88000
997 12000
2089 71000
725 10000
119 25000
6378 67000
3830 39000
1473 21000
3144 80000
1656 36000
2895 80000
1607 71000
2052 21000
712 90000
1924 80000
1507 23000
4977 73000
3228 41000
7568 82000
3856 81000
1135 63000
1616 21000
5064 91000
1756 21000
78 63000
4397 82000
53 10000
493 72000
4300 47000
7134 94000
7789 79000
2706 64000
1519 60000
1727 39000
48 25000
536 34000
1944 98000
4596 72000
3344 56000
5801 99000
831 45000
4398 81000
4277 85000
