2420 25000
5164 76000
3262 52000
3050 51000
2011 58000
866 15000
960 34000
409 24000
426 53000
2949 91000
775 44000
4397 81000
3333 45000
2992 72000
721 14000
694 27000
1397 85000
1810 75000
4612 83000
3710 65000
696 22000
3539 70000
512 46000
3140 70000
2821 32000
489 37000
6315 86000
8985 92000
242 14000
3465 53000
3794 51000
7112 78000
3362 97000
1651 44000
2401 31000
7565 76000
4113 47000
1808 22000
3589 38000
4590 74000
6714 90000
2547 86000
8023 90000
3548 40000
3028 39000
3679 95000
1151 17000
3130 68000
3025 94000
1707 100000
5840 67000
167 27000
2901 36000
796 17000
5358 97000
742 38000
1636 24000
3960 72000
1641 57000
3956 55000
5547 99000
1949 52000
2833 52000
1853 48000
335 11000
838 11000
3209 35000
1608 55000
1190 37000
2223 76000
2449 30000
924 76000
5172 68000
4658 56000
8448 88000
1373 15000
2962 60000
1220 87000
297 97000
6704 79000
511 24000
1510 27000
315 70000
266 16000
7791 95000
2503 32000
2373 74000
916 44000
1628 70000
3064 58000
7004 93000
6532 85000
8994 95000
805 70000
1127 82000
458 78000
4036 61000
143 70000
2237 71000
1682 22000
294 13000
5356 79000
2482 44000
2719 36000
3172 94000
1115 67000
4066 93000
3910 46000
2220 49000
4129 45000
1000 24000
924 22000
6492 65000
3007 37000
2596 39000
1402 62000
